45
52
57
40
52
56
45
52
57
45
52
57
40
52
56
45
52
57
45
52
57
40
52
56
45
52
57
45
52
57
40
52
56
45
52
57
48
55
60
43
55
59
45
52
57
40
52
64
64
76
75
76
75
76
45
52
57
40
52
56
45
52
57
45
52
57
40
52
56
45
52
57
48
55
60
43
55
59
45
52
57
40
52
64
64
76
75
76
75
76
45
52
57
40
52
56
45
52
57
45
52
57
40
52
56
45
52
57
60
58
60
57
60
58
55
53
57
60
57
60
57
53
58
62
58
62
58
53
64
58
55
53
64
58
55
53
64
53
57
60
57
60
57
53
57
60
57
60
57
52
57
60
57
62
50
53
55
64
55
64
55
65
60
64
65
67
64
67
62
65
67
60
64
67
57
53
59
55
60
65
67
64
67
62
65
67
60
64
67
57
53
59
55
59
56
75
76
75
76
45
52
57
40
52
56
45
52
57
45
52
57
40
52
56
45
52
57
48
55
60
43
55
59
45
52
57
40
52
64
64
76
75
76
75
76
45
52
57
40
52
56
45
52
57
45
52
57
40
52
56
45
45
45
45
45
45
45
45
45
45
45
45
45
45
45
45
45
45
45
45
45
45
45
45
45
45
45
45
45
45
38
45
38
45
38
45
38
45
38
45
38
45
39
45
39
45
39
45
39
45
39
45
39
45
40
45
40
45
40
45
40
45
40
44
40
44
33
45
45
45
45
45
45
45
45
45
45
45
45
45
45
45
45
45
45
45
45
45
45
45
45
46
46
46
46
46
46
46
46
46
46
46
46
46
46
46
46
46
46
47
47
47
47
47
47
48
56
52
33
64
60
57
64
60
57
64
60
57
64
60
57
64
60
57
64
60
57
45
52
57
40
52
56
45
52
57
45
52
57
40
52
56
45
52
57
48
55
60
43
55
59
45
52
57
40
52
64
64
76
75
76
75
76
45
52
57
40
52
56
45
52
57
45
52
57
40
52
56
33
45
