76
75
76
75
76
71
74
72
69
60
64
69
71
64
68
71
72
64
76
75
76
75
76
71
74
72
69
60
64
69
71
64
72
71
60
69
76
75
76
75
76
71
74
72
69
60
64
69
71
64
68
71
72
64
76
75
76
75
76
71
74
72
69
60
64
69
71
64
72
71
69
71
72
74
76
67
77
76
74
65
76
74
72
64
74
72
71
64
76
76
88
75
76
75
76
75
76
75
76
71
74
72
69
60
64
69
71
64
68
71
72
64
76
75
76
75
76
71
74
72
69
60
64
69
71
64
72
71
69
71
72
74
76
67
77
76
74
65
76
74
72
64
74
72
71
64
76
76
88
75
76
75
76
75
76
75
76
71
74
72
69
60
64
69
71
64
68
71
72
64
76
75
76
75
76
71
74
72
69
60
64
69
71
64
72
71
69
64
72
65
72
64
67
72
65
69
72
77
76
76
74
82
81
81
79
77
76
74
72
70
69
70
69
67
69
70
72
74
75
76
76
77
69
74
72
72
71
72
74
71
72
79
67
79
69
79
71
79
72
79
74
79
76
79
84
83
81
79
77
76
74
79
77
74
72
79
67
79
69
79
71
79
72
79
74
79
76
79
84
83
81
79
77
76
74
79
77
74
76
77
76
75
76
71
76
75
76
71
76
75
76
71
76
75
76
71
76
75
76
75
76
75
76
71
74
72
69
60
64
69
71
64
68
71
72
64
76
75
76
75
76
71
74
72
69
60
64
69
71
64
72
71
69
71
72
74
76
67
77
76
74
65
76
74
72
64
74
72
71
64
76
76
88
75
76
75
76
75
76
75
76
71
74
72
69
60
64
69
71
64
68
71
72
64
76
75
76
75
76
71
74
72
69
60
64
69
71
64
72
71
69
64
67
70
73
65
69
74
76
73
77
74
77
74
68
77
74
68
76
72
69
65
74
64
72
62
71
60
66
69
60
69
60
69
64
72
62
71
60
69
64
67
70
73
65
69
74
76
73
77
74
77
74
77
74
77
74
75
67
65
74
63
72
62
65
70
62
65
69
62
65
68
62
65
68
60
64
69
64
71
57
60
64
69
72
76
74
72
71
69
72
76
81
84
88
86
84
83
81
84
88
93
96
100
98
96
95
94
93
92
91
90
89
88
87
86
85
84
83
82
81
80
79
78
77
76
75
76
71
74
72
69
60
64
69
71
64
68
71
72
64
76
75
76
75
76
71
74
72
69
60
64
69
71
64
72
71
69
71
72
74
76
67
77
76
74
65
76
74
72
64
74
72
71
64
76
76
88
75
76
75
76
75
76
75
76
71
74
72
69
60
64
69
71
64
68
71
72
64
76
75
76
75
76
71
74
72
69
60
64
69
71
64
72
71
60
69
