76|1.111111|1.361111|5
75|1.388889|1.638889|3
76|1.666666|1.916666|5
75|1.944444|2.194444|3
76|2.222222|2.472222|5
71|2.500000|2.750000|2
74|2.777777|3.027777|4
72|3.055555|3.305555|3
69|3.333333|3.833333|2
60|4.166666|4.416666|1
64|4.444444|4.694444|2
69|4.722222|4.972222|4
71|4.999999|5.499999|5
64|5.833333|6.083333|1
68|6.111110|6.361110|3
71|6.388888|6.638888|4
72|6.666666|7.166666|5
64|7.499999|7.749999|1
76|7.777777|8.027777|5
75|8.055555|8.305555|3
76|8.333332|8.583332|5
75|8.611110|8.861110|3
76|8.888888|9.138888|5
71|9.166666|9.416666|2
74|9.444443|9.694443|4
72|9.722221|9.972221|3
69|9.999999|10.499999|2
60|10.833332|11.083332|1
64|11.111110|11.361110|2
69|11.388888|11.638888|4
71|11.666665|12.166665|5
64|12.499999|12.749999|1
72|12.777776|13.027776|3
71|13.055554|13.305554|2
60|13.333332|13.833332|1
69|13.333332|13.833332|3
76|14.444443|14.694443|5
75|14.722221|14.972221|3
76|14.999998|15.249998|5
75|15.277776|15.527776|3
76|15.555554|15.805554|5
71|15.833332|16.083332|2
74|16.111109|16.361109|4
72|16.388887|16.638887|3
69|16.666665|17.166665|2
60|17.499998|17.749998|1
64|17.777776|18.027776|2
69|18.055554|18.305554|4
71|18.333331|18.833331|5
64|19.166665|19.416665|1
68|19.444442|19.694442|3
71|19.722220|19.972220|4
72|19.999998|20.499998|5
64|20.833331|21.083331|1
76|21.111109|21.361109|5
75|21.388887|21.638887|3
76|21.666664|21.916664|5
75|21.944442|22.194442|3
76|22.222220|22.472220|5
71|22.499998|22.749998|2
74|22.777775|23.027775|4
72|23.055553|23.305553|3
69|23.333331|23.833331|2
60|24.166664|24.416664|1
64|24.444442|24.694442|2
69|24.722220|24.972220|4
71|24.999997|25.499997|5
64|25.833331|26.083331|1
72|26.111108|26.361108|3
71|26.388886|26.638886|2
69|26.666664|27.166664|1
71|27.499997|27.749997|2
72|27.777775|28.027775|3
74|28.055553|28.305553|4
76|28.333330|29.043856|5
67|29.122804|29.359646|1
77|29.385962|29.622803|4
76|29.649119|29.885961|3
74|29.912277|30.622803|2
65|30.701750|30.938592|1
76|30.964908|31.201750|4
74|31.228066|31.464908|3
72|31.491224|32.201749|2
64|32.280697|32.517539|1
74|32.543854|32.780696|4
72|32.807012|33.043854|3
71|33.070170|33.543854|2
64|33.859643|34.096485|1
76|34.122801|34.359643|2
76|34.912274|35.149116|1
88|35.175432|35.412274|5
75|35.964905|36.201747|3
76|36.228063|36.464905|5
75|37.017536|37.254378|3
76|37.280694|37.517536|5
75|37.543852|37.780694|3
76|37.807009|38.057009|5
75|38.084787|38.334787|3
76|38.362565|38.612565|5
71|38.640343|38.890343|2
74|38.918121|39.168120|4
72|39.195898|39.445898|3
69|39.473676|39.973676|2
60|40.307009|40.557009|1
64|40.584787|40.834787|2
69|40.862565|41.112565|4
71|41.140343|41.640342|5
64|41.973676|42.223676|1
68|42.251453|42.501453|3
71|42.529231|42.779231|4
72|42.807009|43.307009|5
64|43.640342|43.890342|1
76|43.918120|44.168120|5
75|44.195898|44.445898|3
76|44.473675|44.723675|5
75|44.751453|45.001453|3
76|45.029231|45.279231|5
71|45.307009|45.557009|2
74|45.584786|45.834786|4
72|45.862564|46.112564|3
69|46.140342|46.640342|2
60|46.973675|47.223675|1
64|47.251453|47.501453|2
69|47.529231|47.779231|4
71|47.807008|48.307008|5
64|48.640342|48.890342|1
72|48.918119|49.168119|3
71|49.195897|49.445897|2
69|49.473675|49.973675|1
71|50.307008|50.557008|2
72|50.584786|50.834786|3
74|50.862564|51.112564|4
76|51.140341|51.850867|5
67|51.929815|52.166657|1
77|52.192972|52.429814|4
76|52.456130|52.692972|3
74|52.719288|53.429814|2
65|53.508761|53.745603|1
76|53.771919|54.008761|4
74|54.035077|54.271919|3
72|54.298234|55.008760|2
64|55.087708|55.324550|1
74|55.350865|55.587707|4
72|55.614023|55.850865|3
71|55.877181|56.350865|2
64|56.666654|56.903496|1
76|56.929812|57.166654|2
76|57.719285|57.956127|1
88|57.982443|58.219285|5
75|58.771916|59.008758|3
76|59.035074|59.271916|5
75|59.824547|60.061389|3
76|60.087705|60.324547|5
75|60.350863|60.587705|3
76|60.614020|60.864020|5
75|60.891798|61.141798|3
76|61.169576|61.419576|5
71|61.447354|61.697354|2
74|61.725131|61.975131|4
72|62.002909|62.252909|3
69|62.280687|62.780687|2
60|63.114020|63.364020|1
64|63.391798|63.641798|2
69|63.669576|63.919576|4
71|63.947353|64.447353|5
64|64.780687|65.030687|1
68|65.058464|65.308464|3
71|65.336242|65.586242|4
72|65.614020|66.114020|5
64|66.447353|66.697353|1
76|66.725131|66.975131|5
75|67.002909|67.252909|3
76|67.280687|67.530686|5
75|67.558464|67.808464|3
76|67.836242|68.086242|5
71|68.114020|68.364020|2
74|68.391797|68.641797|4
72|68.669575|68.919575|3
69|68.947353|69.447353|2
60|69.780686|70.030686|1
64|70.058464|70.308464|2
69|70.336242|70.586242|4
71|70.614019|71.114019|5
64|71.447353|71.697353|1
72|71.725130|71.975130|2
71|72.002908|72.252908|1
69|72.280686|72.780686|3
64|73.114019|73.252908|1
72|73.114019|73.252908|5
65|73.391797|73.530686|3
72|73.391797|73.530686|5
64|73.669575|73.808464|1
67|73.669575|73.808464|2
72|73.669575|73.808464|5
65|73.822353|73.884853|2
69|73.884853|73.947352|3
72|73.947352|74.894720|1
77|74.999983|75.355246|4
76|75.394720|75.513141|2
76|75.526299|75.999983|2
74|76.052614|76.526298|1
82|76.578930|76.934193|2
81|76.973667|77.092088|1
81|77.105245|77.342087|2
79|77.368403|77.605245|1
77|77.631561|77.868403|4
76|77.894719|78.131561|3
74|78.157876|78.394718|2
72|78.421034|78.657876|1
70|78.684192|79.157876|3
69|79.210507|79.684191|2
70|79.675420|79.736823|3
69|79.736823|79.855244|2
67|79.868402|79.986823|1
69|79.999981|80.118402|2
70|80.131560|80.249981|3
72|80.263138|81.210506|1
74|81.315769|81.552611|2
75|81.578927|81.815769|3
76|81.842085|82.552611|4
76|82.631558|82.868400|4
77|82.894716|83.131558|5
69|83.157874|83.394716|1
74|84.236821|84.296031|4
72|83.421031|84.355242|3
72|84.296031|84.355242|3
71|84.355242|84.414452|2
72|84.414452|84.473662|3
74|84.473662|84.828925|4
71|84.868399|84.986820|2
72|84.999978|85.118399|3
79|85.131557|85.249978|5
67|85.263136|85.381557|1
79|85.394715|85.513136|5
69|85.526293|85.644714|1
79|85.657872|85.776293|3
71|85.789451|85.907872|1
79|85.921030|86.039451|5
72|86.052609|86.171030|1
79|86.184188|86.302609|5
74|86.315767|86.434188|1
79|86.447346|86.565767|3
76|86.578924|86.691424|1
79|86.703924|86.816424|2
84|86.828924|86.941424|5
83|86.953924|87.066424|3
81|87.078924|87.191424|2
79|87.203924|87.316424|1
77|87.328924|87.441424|4
76|87.453924|87.566424|3
74|87.578924|87.691424|2
79|87.703924|87.816424|5
77|87.828924|87.941424|4
74|87.953924|88.066424|2
72|88.078924|88.191424|1
79|88.203924|88.316424|5
67|88.328924|88.441424|1
79|88.453924|88.566424|5
69|88.578924|88.691424|1
79|88.703924|88.816424|3
71|88.828924|88.941424|1
79|88.953924|89.066424|5
72|89.078924|89.191424|1
79|89.203924|89.316424|5
74|89.328924|89.441424|1
79|89.453924|89.566424|3
76|89.578924|89.691424|1
79|89.703924|89.816424|2
84|89.828924|89.941424|5
83|89.953924|90.066424|3
81|90.078924|90.191424|2
79|90.203924|90.316424|1
77|90.328924|90.441424|4
76|90.453924|90.566424|3
74|90.578924|90.691424|2
79|90.703924|90.816424|5
77|90.828924|90.941424|4
74|90.953924|91.066424|2
76|91.078924|91.191424|3
77|91.203924|91.316424|4
76|91.328924|91.441424|3
75|91.453924|91.566424|2
76|91.578924|91.691424|3
71|91.703924|91.816424|2
76|91.828924|91.941424|5
75|91.953924|92.066424|3
76|92.078924|92.191424|5
71|92.203924|92.316424|2
76|92.328924|92.441424|5
75|92.453924|92.566424|3
76|92.578924|93.289450|5
71|93.368398|93.605240|2
76|93.631556|93.868397|5
75|93.894713|94.131555|3
76|94.157871|94.907871|5
71|94.991204|95.261204|2
76|95.291204|95.561204|5
75|96.191204|96.461204|3
76|96.491204|96.761204|5
75|97.391204|97.661204|3
76|97.691204|97.941204|5
75|97.968982|98.218982|3
76|98.246760|98.496760|5
71|98.524537|98.774537|2
74|98.802315|99.052315|4
72|99.080093|99.330093|3
69|99.357871|99.857871|2
60|100.191204|100.441204|1
64|100.468982|100.718982|2
69|100.746759|100.996759|4
71|101.024537|101.524537|5
64|101.857871|102.107870|1
68|102.135648|102.385648|3
71|102.413426|102.663426|4
72|102.691204|103.191204|5
64|103.524537|103.774537|1
76|103.802315|104.052315|5
75|104.080092|104.330092|3
76|104.357870|104.607870|5
75|104.635648|104.885648|3
76|104.913426|105.163426|5
71|105.191204|105.441203|2
74|105.468981|105.718981|4
72|105.746759|105.996759|3
69|106.024537|106.524537|2
60|106.857870|107.107870|1
64|107.135648|107.385648|2
69|107.413426|107.663425|4
71|107.691203|108.191203|5
64|108.524536|108.774536|1
72|108.802314|109.052314|3
71|109.080092|109.330092|2
69|109.357870|109.857870|1
71|110.191203|110.441203|2
72|110.468981|110.718981|3
74|110.746758|110.996758|4
76|111.024536|111.735062|5
67|111.814009|112.050851|1
77|112.077167|112.314009|4
76|112.340325|112.577167|3
74|112.603483|113.314009|2
65|113.392956|113.629798|1
76|113.656114|113.892956|4
74|113.919271|114.156113|3
72|114.182429|114.892955|2
64|114.971902|115.208744|1
74|115.235060|115.471902|4
72|115.498218|115.735060|3
71|115.761376|116.235060|2
64|116.550849|116.787691|1
76|116.814007|117.050849|2
76|117.603480|117.840322|1
88|117.866638|118.103480|5
75|118.656111|118.892953|3
76|118.919269|119.156111|5
75|119.708742|119.945584|3
76|119.971900|120.208742|5
75|120.235057|120.471899|3
76|120.498215|120.748215|5
75|120.775993|121.025993|3
76|121.053771|121.303771|5
71|121.331548|121.581548|2
74|121.609326|121.859326|4
72|121.887104|122.137104|3
69|122.164882|122.664882|2
60|122.998215|123.248215|1
64|123.275993|123.525993|2
69|123.553770|123.803770|4
71|123.831548|124.331548|5
64|124.664882|124.914881|1
68|124.942659|125.192659|3
71|125.220437|125.470437|4
72|125.498215|125.998215|5
64|126.331548|126.581548|1
76|126.609326|126.859326|5
75|126.887103|127.137103|3
76|127.164881|127.414881|5
75|127.442659|127.692659|3
76|127.720437|127.970437|5
71|127.998215|128.248214|2
74|128.275992|128.525992|4
72|128.553770|128.803770|3
69|128.831548|129.331548|2
60|129.664881|129.914881|1
64|129.942659|130.192659|2
69|130.220437|130.470436|4
71|130.498214|130.998214|5
64|131.331547|131.581547|1
72|131.609325|131.859325|2
71|131.887103|132.137103|1
69|132.164881|132.664881|3
64|133.831547|135.252599|1
67|133.831547|135.252599|3
70|133.831547|135.252599|4
73|133.831547|135.252599|5
65|135.410494|136.310494|1
69|135.410494|136.310494|2
74|135.410494|136.310494|3
76|136.410494|136.635494|4
73|136.410494|136.635494|2
77|136.660494|136.885494|4
74|136.660494|136.885494|2
77|136.910494|137.810494|4
74|136.910494|137.810494|2
68|136.910494|137.810494|1
77|137.910494|138.360494|4
74|137.910494|138.360494|2
68|137.910494|138.360494|1
76|138.410494|139.760494|5
72|138.410494|139.760494|3
69|138.410494|139.760494|2
65|139.910494|140.810494|1
74|139.910494|140.810494|5
64|140.910494|141.135494|1
72|140.910494|141.135494|5
62|141.160494|141.385494|2
71|141.160494|141.385494|5
60|141.410494|142.310494|1
66|141.410494|142.310494|2
69|141.410494|142.310494|4
60|142.410494|142.860494|1
69|142.410494|142.860494|5
60|142.910494|143.360494|1
69|142.910494|143.360494|4
64|143.410494|143.860494|1
72|143.410494|143.860494|5
62|143.910494|144.360494|2
71|143.910494|144.360494|5
60|144.410494|145.760494|1
69|144.410494|145.760494|4
64|145.910494|147.260494|1
67|145.910494|147.260494|3
70|145.910494|147.260494|4
73|145.910494|147.260494|5
65|147.410494|148.310494|1
69|147.410494|148.310494|2
74|147.410494|148.310494|3
76|148.410494|148.635494|4
73|148.410494|148.635494|2
77|148.660494|148.885494|3
74|148.660494|148.885494|1
77|148.910494|149.810494|3
74|148.910494|149.810494|1
77|149.910494|150.360494|3
74|149.910494|150.360494|1
77|150.410494|151.760494|5
74|150.410494|151.760494|4
75|151.910494|152.810494|5
67|151.910494|152.810494|2
65|152.910494|153.135494|1
74|152.910494|153.135494|5
63|153.160494|153.385494|1
72|153.160494|153.385494|5
62|153.410494|154.310494|1
65|153.410494|154.310494|2
70|153.410494|154.310494|5
62|154.410494|154.860494|1
65|154.410494|154.860494|2
69|154.410494|154.860494|5
62|154.910494|155.810494|1
65|154.910494|155.810494|2
68|154.910494|155.810494|4
62|155.910494|156.360494|1
65|155.910494|156.360494|3
68|155.910494|156.360494|5
60|156.410494|157.310494|1
64|156.410494|157.310494|2
69|156.410494|157.310494|4
64|157.910494|158.410494|1
71|157.910494|158.410494|2
57|159.577160|159.757160|1
60|159.777160|159.957160|2
64|159.977160|160.157160|1
69|160.177160|160.357160|3
72|160.377160|160.557160|4
76|160.577160|160.757160|5
74|160.777160|160.957160|4
72|160.977160|161.157160|3
71|161.177160|161.357160|2
69|161.377160|161.489660|1
72|161.502160|161.614660|2
76|161.627160|161.739660|1
81|161.752160|161.864660|3
84|161.877160|161.989660|4
88|162.002160|162.114660|5
86|162.127160|162.239660|4
84|162.252160|162.364660|3
83|162.377160|162.489660|2
81|162.502160|162.627160|1
84|162.627160|162.752160|2
88|162.752160|162.877160|1
93|162.877160|163.002160|3
96|163.002160|163.114660|4
100|163.127160|163.239660|5
98|163.252160|163.364660|4
96|163.377160|163.489660|2
95|163.502160|163.614660|1
94|163.627160|163.739660|2
93|163.752160|163.864660|1
92|163.877160|163.989660|2
91|164.002160|164.114660|1
90|164.127160|164.239660|3
89|164.252160|164.364660|2
88|164.377160|164.489660|1
87|164.502160|164.614660|2
86|164.627160|164.739660|1
85|164.752160|164.845910|2
84|164.856327|164.950077|1
83|164.960494|165.054244|3
82|165.064660|165.158410|2
81|165.168827|165.262577|1
80|165.272994|165.366744|2
79|165.377160|165.470910|1
78|165.481327|165.575077|3
77|165.585494|165.679244|2
76|165.689660|165.830285|1
75|165.845910|165.986535|3
76|166.002160|166.142785|5
71|166.158410|166.299035|2
74|166.314660|166.455285|4
72|166.470910|166.611535|3
69|166.627160|167.127160|2
60|167.460494|167.710493|1
64|167.738271|167.988271|2
69|168.016049|168.266049|4
71|168.293827|168.793827|5
64|169.127160|169.377160|1
68|169.404938|169.654938|3
71|169.682716|169.932715|4
72|169.960493|170.460493|5
64|170.793826|171.043826|1
76|171.071604|171.321604|5
75|171.349382|171.599382|3
76|171.627160|171.877160|5
75|171.904938|172.154937|3
76|172.182715|172.432715|5
71|172.460493|172.710493|2
74|172.738271|172.988271|4
72|173.016049|173.266048|3
69|173.293826|173.793826|2
60|174.127160|174.377159|1
64|174.404937|174.654937|2
69|174.682715|174.932715|4
71|174.960493|175.460493|5
64|175.793826|176.043826|1
72|176.071604|176.321604|3
71|176.349381|176.599381|2
69|176.627159|177.127159|1
71|177.460493|177.710492|2
72|177.738270|177.988270|3
74|178.016048|178.266048|4
76|178.293826|179.004352|5
67|179.083299|179.320141|1
77|179.346457|179.583299|4
76|179.609614|179.846456|3
74|179.872772|180.583298|2
65|180.662245|180.899087|1
76|180.925403|181.162245|4
74|181.188561|181.425403|3
72|181.451719|182.162245|2
64|182.241192|182.478034|1
74|182.504350|182.741192|4
72|182.767507|183.004349|3
71|183.030665|183.504349|2
64|183.820138|184.056980|1
76|184.083296|184.320138|2
76|184.872770|185.109611|1
88|185.135927|185.372769|5
75|185.925400|186.162242|3
76|186.188558|186.425400|5
75|186.978031|187.214873|3
76|187.241189|187.478031|5
75|187.504347|187.741189|3
76|187.767505|188.017505|5
75|188.045283|188.295282|3
76|188.323060|188.573060|5
71|188.600838|188.850838|2
74|188.878616|189.128616|4
72|189.156394|189.406393|3
69|189.434171|189.934171|2
60|190.267505|190.517504|1
64|190.545282|190.795282|2
69|190.823060|191.073060|4
71|191.100838|191.600838|5
64|191.934171|192.184171|1
68|192.211949|192.461949|3
71|192.489726|192.739726|4
72|192.767504|193.267504|5
64|193.600838|193.850837|1
76|193.878615|194.128615|5
75|194.156393|194.406393|3
76|194.434171|194.684171|5
75|194.711949|194.961948|3
76|194.989726|195.239726|5
71|195.267504|195.517504|2
74|195.545282|195.795282|4
72|195.823059|196.073059|3
69|196.100837|196.600837|2
60|196.934170|197.184170|1
64|197.211948|197.461948|2
69|197.489726|197.739726|4
71|197.767504|198.267504|5
64|198.600837|198.850837|1
72|198.878615|199.128615|3
71|199.156393|199.406392|2
60|199.434170|200.434170|1
69|199.434170|200.434170|4
