48|0.000000|1.666668|0
55|0.000000|1.666668|0
64|0.000000|1.666668|0
59|1.666668|3.333336|0
50|1.666668|3.333336|0
43|1.666668|3.333336|0
45|3.333336|5.000004|0
52|3.333336|5.000004|0
60|3.333336|5.000004|0
40|5.000004|6.666672|0
47|5.000004|6.666672|0
55|5.000004|6.666672|0
41|6.666672|8.333340|0
53|6.666672|8.333340|0
57|6.666672|8.333340|0
48|6.666672|8.333340|0
36|8.333340|10.000008|0
60|8.333340|10.000008|0
52|8.333340|10.000008|0
48|8.333340|10.000008|0
41|10.000008|11.666676|0
57|10.000008|11.666676|0
53|10.000008|11.666676|0
48|10.000008|11.666676|0
43|11.666676|13.333344|0
59|11.666676|13.333344|0
55|11.666676|13.333344|0
50|11.666676|13.333344|0
48|13.333344|15.000012|0
72|13.333344|15.000012|0
64|13.333344|15.000012|0
76|13.333344|15.000012|0
55|13.333344|15.000012|0
60|13.333344|15.000012|0
43|15.000012|16.666680|0
71|15.000012|16.666680|0
62|15.000012|16.666680|0
74|15.000012|16.666680|0
50|15.000012|16.666680|0
55|15.000012|16.666680|0
45|16.666680|18.333348|0
69|16.666680|18.333348|0
60|16.666680|18.333348|0
72|16.666680|18.333348|0
52|16.666680|18.333348|0
57|16.666680|18.333348|0
40|18.333348|20.000016|0
67|18.333348|20.000016|0
59|18.333348|20.000016|0
71|18.333348|20.000016|0
47|18.333348|20.000016|0
52|18.333348|20.000016|0
41|20.000016|21.666684|0
65|20.000016|21.666684|0
57|20.000016|21.666684|0
69|20.000016|21.666684|0
48|20.000016|21.666684|0
53|20.000016|21.666684|0
40|21.666684|23.333352|0
60|21.666684|23.333352|0
55|21.666684|23.333352|0
67|21.666684|23.333352|0
48|21.666684|23.333352|0
52|21.666684|23.333352|0
41|23.333352|25.000020|0
65|23.333352|25.000020|0
57|23.333352|25.000020|0
69|23.333352|25.000020|0
48|23.333352|25.000020|0
53|23.333352|25.000020|0
43|25.000020|26.666688|0
67|25.000020|26.666688|0
59|25.000020|26.666688|0
71|25.000020|26.666688|0
50|25.000020|26.666688|0
55|25.000020|26.666688|0
48|26.666688|28.333356|0
72|26.666688|28.333356|0
64|26.666688|28.333356|0
76|26.666688|28.333356|0
55|26.666688|28.333356|0
60|26.666688|28.333356|0
65|29.166690|30.000024|0
50|28.333356|30.000024|0
71|28.333356|30.000024|0
67|28.333356|30.000024|0
74|28.333356|30.000024|0
43|28.333356|30.000024|0
55|28.333356|30.000024|0
45|30.000024|31.666692|0
69|30.000024|31.666692|0
64|30.000024|31.666692|0
72|30.000024|31.666692|0
52|30.000024|31.666692|0
57|30.000024|31.666692|0
62|32.500026|33.333360|0
47|31.666692|33.333360|0
67|31.666692|33.333360|0
64|31.666692|33.333360|0
71|31.666692|33.333360|0
40|31.666692|33.333360|0
52|31.666692|33.333360|0
41|33.333360|35.000028|0
60|33.333360|35.000028|0
57|33.333360|35.000028|0
69|33.333360|35.000028|0
48|33.333360|35.000028|0
53|33.333360|35.000028|0
64|35.833362|36.666696|0
43|35.000028|36.666696|0
60|35.000028|36.666696|0
55|35.000028|36.666696|0
67|35.000028|36.666696|0
36|35.000028|36.666696|0
48|35.000028|36.666696|0
41|36.666696|38.333364|0
62|36.666696|38.333364|0
57|36.666696|38.333364|0
69|36.666696|38.333364|0
48|36.666696|38.333364|0
53|36.666696|38.333364|0
65|39.166698|40.000032|0
50|38.333364|40.000032|0
67|38.333364|40.000032|0
59|38.333364|40.000032|0
71|38.333364|40.000032|0
43|38.333364|40.000032|0
55|38.333364|40.000032|0
48|40.000032|40.416699|0
55|40.416699|40.833366|0
60|40.833366|41.666700|0
64|40.000032|41.666700|0
72|40.000032|41.666700|0
43|41.666700|42.083367|0
50|42.083367|42.500034|0
67|41.666700|42.500034|0
65|42.500034|43.333368|0
55|42.500034|43.333368|0
71|41.666700|43.333368|0
45|43.333368|43.750035|0
52|43.750035|44.166702|0
64|43.333368|44.166702|0
72|43.333368|44.166702|0
69|44.166702|45.000036|0
76|44.166702|45.000036|0
60|44.166702|45.000036|0
40|45.000036|45.416703|0
47|45.416703|45.833370|0
76|45.000036|45.833370|0
79|45.000036|45.833370|0
74|45.833370|46.666704|0
81|45.833370|46.666704|0
55|45.833370|46.666704|0
41|46.666704|47.083371|0
48|47.083371|47.500038|0
69|46.666704|47.500038|0
72|47.500038|48.333372|0
57|47.500038|48.333372|0
77|46.666704|48.333372|0
48|48.333372|48.750039|0
55|48.750039|49.166706|0
67|48.333372|49.166706|0
67|49.166706|50.000040|0
64|49.166706|50.000040|0
76|48.333372|50.000040|0
41|50.000040|50.416707|0
48|50.416707|50.833374|0
65|50.000040|50.833374|0
69|50.000040|50.833374|0
57|50.833374|51.666708|0
69|50.833374|51.666708|0
72|50.833374|51.666708|0
43|51.666708|52.083375|0
50|52.083375|52.500042|0
72|51.666708|52.500042|0
67|51.666708|52.500042|0
72|52.500042|52.916709|0
59|52.500042|53.333376|0
71|52.927126|53.343793|0
65|52.510459|53.343793|0
72|53.333376|53.750043|0
48|53.333376|53.750043|0
71|53.750043|54.166710|0
55|53.750043|54.166710|0
72|54.166710|54.583377|0
64|53.333376|55.000044|0
64|54.583377|55.000044|0
60|54.166710|55.000044|0
43|55.000044|55.416711|0
50|55.416711|55.833378|0
59|55.000044|55.833378|0
67|55.000044|55.833378|0
59|55.833378|56.666712|0
71|55.833378|56.666712|0
65|55.833378|56.666712|0
45|56.666712|57.083379|0
52|57.083379|57.500046|0
64|56.666712|57.500046|0
72|56.666712|57.500046|0
60|57.500046|57.916713|0
52|57.916713|58.333380|0
69|57.500046|58.333380|0
76|57.500046|58.333380|0
40|58.333380|58.750047|0
79|58.333380|58.750047|0
47|58.750047|59.166714|0
76|58.750047|59.166714|0
71|58.333380|59.166714|0
55|59.166714|59.583381|0
79|59.166714|59.583381|0
47|59.583381|60.000048|0
81|59.583381|60.000048|0
74|59.166714|60.000048|0
41|60.000048|60.416715|0
77|60.000048|60.416715|0
48|60.416715|60.833382|0
76|60.416715|60.833382|0
57|60.833382|61.250049|0
74|60.833382|61.250049|0
48|61.250049|61.666716|0
77|61.250049|61.666716|0
69|60.000048|61.666716|0
48|61.666716|62.083383|0
76|61.666716|62.083383|0
55|62.083383|62.500050|0
74|62.083383|62.500050|0
64|62.500050|62.916717|0
72|62.500050|62.916717|0
55|62.916717|63.333384|0
71|62.916717|63.333384|0
67|61.666716|63.333384|0
41|63.333384|63.750051|0
65|63.333384|63.750051|0
69|63.333384|63.750051|0
48|63.750051|64.166718|0
62|63.750051|64.166718|0
65|63.750051|64.166718|0
57|64.166718|64.583385|0
48|64.583385|65.000052|0
69|64.166718|65.000052|0
72|64.166718|65.000052|0
43|65.000052|65.416719|0
67|65.000052|65.416719|0
50|65.416719|65.833386|0
65|65.416719|65.833386|0
72|65.000052|65.833386|0
59|65.833386|66.250053|0
64|65.833386|66.250053|0
72|65.833386|66.250053|0
50|66.250053|66.666720|0
62|66.250053|66.666720|0
71|66.250053|66.666720|0
36|66.666720|67.083387|0
48|66.666720|67.083387|0
72|66.666720|67.083387|0
52|67.083387|67.500054|0
71|67.083387|67.500054|0
55|67.500054|67.916721|0
72|67.500054|67.916721|0
60|67.916721|68.333388|0
65|67.916721|68.333388|0
64|66.666720|68.333388|0
43|68.333388|68.750055|0
60|68.333388|68.750055|0
50|68.750055|69.166722|0
59|68.750055|69.166722|0
67|68.333388|69.166722|0
55|69.166722|69.583389|0
67|69.166722|69.583389|0
59|69.583389|70.000056|0
65|69.583389|70.000056|0
71|69.166722|70.000056|0
45|70.000056|70.416723|0
52|70.416723|70.833390|0
64|70.000056|70.833390|0
72|70.000056|70.833390|0
57|70.833390|71.250057|0
69|70.833390|71.250057|0
60|71.250057|71.666724|0
72|71.250057|71.666724|0
76|70.833390|71.666724|0
40|71.666724|72.083391|0
52|71.666724|72.083391|0
79|71.666724|72.083391|0
55|72.083391|72.500058|0
76|72.083391|72.500058|0
71|71.666724|72.500058|0
59|72.500058|72.916725|0
79|72.500058|72.916725|0
64|72.916725|73.333392|0
81|72.916725|73.333392|0
74|72.500058|73.333392|0
41|73.333392|73.750059|0
77|73.333392|73.750059|0
53|73.750059|74.166726|0
76|73.750059|74.166726|0
69|73.333392|74.166726|0
57|74.166726|74.583393|0
74|74.166726|74.583393|0
60|74.583393|75.000060|0
77|74.583393|75.000060|0
71|74.166726|75.000060|0
36|75.000060|75.416727|0
76|75.000060|75.416727|0
72|75.000060|75.416727|0
48|75.000060|75.416727|0
55|75.416727|75.833394|0
71|75.416727|75.833394|0
74|75.416727|75.833394|0
60|75.833394|76.250061|0
69|75.833394|76.250061|0
72|75.833394|76.250061|0
64|76.250061|76.666728|0
67|76.250061|76.666728|0
71|76.250061|76.666728|0
41|76.666728|77.083395|0
69|76.666728|77.083395|0
65|76.666728|77.083395|0
50|77.083395|77.500062|0
67|77.083395|77.500062|0
64|77.083395|77.500062|0
57|77.500062|77.916729|0
65|77.500062|77.916729|0
60|77.916729|78.333396|0
72|77.916729|78.333396|0
62|77.500062|78.333396|0
43|78.333396|78.750063|0
62|78.958397|79.166730|0
67|78.333396|79.166730|0
72|78.333396|79.166730|0
50|78.750063|79.166730|0
55|79.166730|79.583397|0
71|79.166730|79.583397|0
74|79.583397|79.791730|0
59|79.583397|80.000064|0
48|80.000064|80.416731|0
36|80.000064|80.416731|0
76|80.000064|80.625065|0
67|79.791730|80.625065|0
67|80.625065|80.833398|0
52|80.416731|80.833398|0
76|80.833398|81.041732|0
67|81.041732|81.250065|0
55|80.833398|81.250065|0
67|81.250065|81.458399|0
72|81.250065|81.458399|0
74|81.458399|81.666732|0
60|81.250065|81.666732|0
43|81.666732|82.083399|0
67|81.458399|82.291733|0
67|82.291733|82.500066|0
76|82.291733|82.500066|0
55|82.083399|82.500066|0
67|82.500066|82.708399|0
77|82.500066|82.708399|0
76|82.708399|82.916733|0
59|82.500066|82.916733|0
74|82.916733|83.125067|0
64|83.125067|83.333400|0
62|82.916733|83.333400|0
45|83.333400|83.750067|0
72|83.333400|83.958401|0
52|83.750067|84.166734|0
64|83.958401|84.375068|0
72|83.958401|84.375068|0
64|84.375068|84.583401|0
57|84.166734|84.583401|0
64|84.583401|84.791735|0
71|84.583401|84.791735|0
64|84.791735|85.000068|0
72|84.791735|85.000068|0
60|84.583401|85.000068|0
40|85.000068|85.416735|0
64|85.000068|85.416735|0
71|85.000068|85.416735|0
67|85.416735|85.625069|0
52|85.416735|85.833402|0
64|85.625069|86.041736|0
55|85.833402|86.250069|0
67|86.041736|86.458403|0
60|86.458403|86.666736|0
59|86.250069|86.666736|0
65|86.666736|86.875070|0
69|86.666736|86.875070|0
41|86.666736|87.083403|0
60|86.875070|87.291736|0
48|87.083403|87.500070|0
71|87.291736|87.708404|0
67|87.291736|87.708404|0
60|87.708404|87.916737|0
53|87.500070|87.916737|0
72|87.916737|88.125071|0
60|88.125071|88.333404|0
57|87.916737|88.333404|0
48|88.333404|88.750071|0
36|88.333404|88.750071|0
52|88.750071|89.166738|0
55|89.166738|89.583405|0
67|88.333404|89.791739|0
60|89.583405|90.000072|0
60|89.791739|90.000072|0
65|90.000072|90.208406|0
69|90.000072|90.208406|0
41|90.000072|90.416739|0
60|90.208406|90.625073|0
60|90.625073|90.833406|0
53|90.416739|90.833406|0
65|90.833406|91.041740|0
69|91.041740|91.250073|0
57|90.833406|91.250073|0
72|91.250073|91.458407|0
62|91.458407|91.666740|0
60|91.250073|91.666740|0
72|91.666740|91.875073|0
43|91.666740|92.083407|0
62|91.875073|92.291741|0
50|92.083407|92.500074|0
71|92.291741|92.708408|0
62|92.291741|92.708408|0
72|92.708408|92.916741|0
55|92.500074|92.916741|0
74|92.916741|93.125075|0
59|92.916741|93.333408|0
48|93.333408|93.750075|0
36|93.333408|93.750075|0
52|93.750075|94.166742|0
76|93.333408|94.166742|0
67|93.125075|94.166742|0
76|94.166742|94.375076|0
67|94.166742|94.375076|0
67|94.375076|94.583409|0
74|94.375076|94.583409|0
55|94.166742|94.583409|0
67|94.583409|94.791743|0
72|94.583409|94.791743|0
60|94.583409|95.000076|0
67|94.791743|95.208410|0
74|94.791743|95.208410|0
43|95.000076|95.416743|0
67|95.208410|95.625077|0
76|95.625077|95.833410|0
67|95.625077|95.833410|0
55|95.416743|95.833410|0
77|95.833410|96.041744|0
67|95.833410|96.041744|0
76|96.041744|96.250077|0
59|95.833410|96.250077|0
74|96.250077|96.458410|0
62|96.250077|96.666744|0
45|96.666744|97.083411|0
74|96.666744|97.291745|0
64|96.458410|97.291745|0
52|97.083411|97.500078|0
72|97.291745|97.708412|0
64|97.291745|97.708412|0
64|97.708412|97.916745|0
57|97.500078|97.916745|0
64|97.916745|98.125079|0
71|97.916745|98.125079|0
64|98.125079|98.333412|0
72|98.125079|98.333412|0
60|97.916745|98.333412|0
40|98.333412|98.750079|0
71|98.333412|98.750079|0
64|98.333412|98.750079|0
67|98.750079|98.958413|0
52|98.750079|99.166746|0
64|98.958413|99.375080|0
55|99.166746|99.583413|0
67|99.375080|99.791747|0
60|99.791747|100.000080|0
59|99.583413|100.000080|0
67|100.000080|100.208414|0
69|100.000080|100.208414|0
41|100.000080|100.416747|0
60|100.208414|100.625081|0
48|100.416747|100.833414|0
72|100.625081|101.041747|0
69|101.041747|101.250081|0
53|100.833414|101.250081|0
77|101.250081|101.458415|0
67|101.458415|101.666748|0
57|101.250081|101.666748|0
76|101.666748|101.875082|0
67|101.875082|102.083415|0
36|101.666748|102.083415|0
48|101.666748|102.083415|0
74|102.083415|102.291749|0
52|102.083415|102.500082|0
55|102.500082|102.916749|0
72|102.291749|103.125083|0
60|102.916749|103.333416|0
60|103.125083|103.333416|0
65|103.333416|103.541750|0
69|103.333416|103.541750|0
41|103.333416|103.750083|0
60|103.541750|103.958417|0
60|103.958417|104.166750|0
50|103.750083|104.166750|0
65|104.166750|104.375084|0
69|104.375084|104.583417|0
57|104.166750|104.583417|0
72|104.583417|104.791751|0
62|104.791751|105.000084|0
60|104.583417|105.000084|0
71|105.000084|105.208418|0
43|105.000084|105.416751|0
62|105.208418|105.625084|0
50|105.416751|105.833418|0
55|105.833418|106.250085|0
72|105.625084|106.250085|0
74|106.250085|106.458419|0
72|106.458419|106.666752|0
59|106.250085|106.666752|0
48|106.666752|107.083419|0
36|106.666752|107.083419|0
79|106.666752|107.083419|0
76|107.083419|107.291753|0
77|107.291753|107.500086|0
55|107.083419|107.500086|0
60|107.500086|107.916753|0
79|107.500086|107.916753|0
76|107.916753|108.125087|0
77|108.125087|108.333420|0
64|107.916753|108.333420|0
79|108.333420|108.541754|0
67|108.541754|108.750087|0
71|108.541754|108.750087|0
43|108.333420|108.750087|0
69|108.750087|108.958421|0
71|108.958421|109.166754|0
55|108.750087|109.166754|0
72|109.166754|109.375088|0
74|109.375088|109.583421|0
59|109.166754|109.583421|0
76|109.583421|109.791755|0
77|109.791755|110.000088|0
62|109.583421|110.000088|0
76|110.000088|110.416755|0
45|110.000088|110.416755|0
72|110.416755|110.625089|0
74|110.625089|110.833422|0
52|110.416755|110.833422|0
76|110.833422|111.250089|0
57|110.833422|111.250089|0
64|111.250089|111.458423|0
65|111.458423|111.666756|0
60|111.250089|111.666756|0
67|111.666756|111.875090|0
69|111.875090|112.083423|0
40|111.666756|112.083423|0
67|112.083423|112.291757|0
65|112.291757|112.500090|0
52|112.083423|112.500090|0
67|112.500090|112.708424|0
72|112.708424|112.916757|0
55|112.500090|112.916757|0
71|112.916757|113.125091|0
72|113.125091|113.333424|0
59|112.916757|113.333424|0
41|113.333424|113.750091|0
69|113.333424|113.750091|0
72|113.750091|113.958425|0
71|113.958425|114.166758|0
53|113.750091|114.166758|0
57|114.166758|114.583425|0
69|114.166758|114.583425|0
67|114.583425|114.791759|0
65|114.791759|115.000092|0
60|114.583425|115.000092|0
67|115.000092|115.208426|0
65|115.208426|115.416759|0
48|115.000092|115.416759|0
36|115.000092|115.416759|0
64|115.416759|115.625093|0
65|115.625093|115.833426|0
52|115.416759|115.833426|0
67|115.833426|116.041760|0
69|116.041760|116.250093|0
55|115.833426|116.250093|0
71|116.250093|116.458427|0
72|116.458427|116.666760|0
60|116.250093|116.666760|0
69|116.666760|117.083427|0
41|116.666760|117.083427|0
72|117.083427|117.291761|0
71|117.291761|117.500094|0
53|117.083427|117.500094|0
57|117.500094|117.916761|0
72|117.500094|117.916761|0
71|117.916761|118.125095|0
72|118.125095|118.333428|0
60|117.916761|118.333428|0
71|118.333428|118.541762|0
69|118.541762|118.750095|0
43|118.333428|118.750095|0
71|118.750095|118.958429|0
72|118.958429|119.166762|0
55|118.750095|119.166762|0
74|119.166762|119.375096|0
76|119.375096|119.583429|0
72|119.375096|119.583429|0
59|119.166762|119.583429|0
77|119.583429|119.791763|0
74|119.583429|119.791763|0
76|119.791763|120.000096|0
79|119.791763|120.000096|0
62|119.583429|120.000096|0
48|120.000096|120.416763|0
76|120.000096|120.416763|0
79|120.000096|120.416763|0
36|120.000096|120.416763|0
76|120.416763|120.625097|0
72|120.416763|120.625097|0
77|120.625097|120.833430|0
74|120.625097|120.833430|0
55|120.416763|120.833430|0
60|120.833430|121.250097|0
79|120.833430|121.250097|0
76|120.833430|121.250097|0
76|121.250097|121.458431|0
72|121.250097|121.458431|0
77|121.458431|121.666764|0
74|121.458431|121.666764|0
64|121.250097|121.666764|0
79|121.666764|121.875098|0
76|121.666764|121.875098|0
71|121.875098|122.083431|0
67|121.875098|122.083431|0
43|121.666764|122.083431|0
69|122.083431|122.291765|0
71|122.291765|122.500098|0
55|122.083431|122.500098|0
72|122.500098|122.708432|0
74|122.708432|122.916765|0
59|122.500098|122.916765|0
76|122.916765|123.125099|0
77|123.125099|123.333432|0
62|122.916765|123.333432|0
76|123.333432|123.750099|0
45|123.333432|123.750099|0
72|123.333432|123.750099|0
69|123.750099|123.958433|0
72|123.750099|123.958433|0
74|123.958433|124.166766|0
71|123.958433|124.166766|0
52|123.750099|124.166766|0
76|124.166766|124.583433|0
57|124.166766|124.583433|0
72|124.166766|124.583433|0
64|124.583433|124.791767|0
65|124.791767|125.000100|0
60|124.583433|125.000100|0
67|125.000100|125.208434|0
69|125.208434|125.416767|0
40|125.000100|125.416767|0
67|125.416767|125.625101|0
65|125.625101|125.833434|0
52|125.416767|125.833434|0
67|125.833434|126.041768|0
72|126.041768|126.250101|0
55|125.833434|126.250101|0
71|126.250101|126.458435|0
72|126.458435|126.666768|0
59|126.250101|126.666768|0
41|126.666768|127.083435|0
69|126.666768|127.083435|0
65|126.666768|127.083435|0
72|127.083435|127.291769|0
69|127.083435|127.291769|0
71|127.291769|127.500102|0
67|127.291769|127.500102|0
53|127.083435|127.500102|0
69|127.500102|127.916769|0
57|127.500102|127.916769|0
65|127.500102|127.916769|0
67|127.916769|128.125102|0
64|127.916769|128.125102|0
65|128.125102|128.333436|0
62|128.125102|128.333436|0
60|127.916769|128.333436|0
67|128.333436|128.541770|0
64|128.333436|128.541770|0
65|128.541770|128.750103|0
48|128.333436|128.750103|0
36|128.333436|128.750103|0
62|128.541770|128.750103|0
64|128.750103|128.958437|0
60|128.750103|128.958437|0
65|128.958437|129.166770|0
62|128.958437|129.166770|0
52|128.750103|129.166770|0
67|129.166770|129.375103|0
64|129.166770|129.375103|0
69|129.375103|129.583437|0
65|129.375103|129.583437|0
55|129.166770|129.583437|0
71|129.583437|129.791771|0
67|129.583437|129.791771|0
72|129.791771|130.000104|0
69|129.791771|130.000104|0
60|129.583437|130.000104|0
69|130.000104|130.416771|0
41|130.000104|130.416771|0
65|130.000104|130.416771|0
72|130.416771|130.625105|0
69|130.416771|130.625105|0
71|130.625105|130.833438|0
67|130.625105|130.833438|0
53|130.416771|130.833438|0
72|130.833438|131.250105|0
57|130.833438|131.250105|0
69|130.833438|131.250105|0
71|131.250105|131.458438|0
67|131.250105|131.458438|0
72|131.458438|131.666772|0
69|131.458438|131.666772|0
60|131.250105|131.666772|0
71|131.666772|131.875106|0
67|131.666772|131.875106|0
69|131.875106|132.083439|0
65|131.875106|132.083439|0
43|131.666772|132.083439|0
71|132.083439|132.291773|0
67|132.083439|132.291773|0
72|132.291773|132.500106|0
69|132.291773|132.500106|0
55|132.083439|132.500106|0
74|132.500106|132.708439|0
71|132.500106|132.708439|0
72|132.708439|132.916773|0
76|132.708439|132.916773|0
59|132.500106|132.916773|0
77|132.916773|133.125107|0
74|132.916773|133.125107|0
76|133.125107|133.333440|0
79|133.125107|133.333440|0
62|132.916773|133.333440|0
48|133.333440|133.750107|0
76|133.333440|133.750107|0
79|133.333440|133.750107|0
36|133.333440|133.750107|0
76|133.750107|133.958440|0
72|133.750107|133.958440|0
77|133.958440|134.166774|0
74|133.958440|134.166774|0
55|133.750107|134.166774|0
60|134.166774|134.583441|0
79|134.166774|134.583441|0
76|134.166774|134.583441|0
76|134.583441|134.791775|0
72|134.583441|134.791775|0
77|134.791775|135.000108|0
74|134.791775|135.000108|0
64|134.583441|135.000108|0
79|135.000108|135.208442|0
76|135.000108|135.208442|0
71|135.208442|135.416775|0
67|135.208442|135.416775|0
43|135.000108|135.416775|0
69|135.416775|135.625109|0
71|135.625109|135.833442|0
55|135.416775|135.833442|0
72|135.833442|136.041775|0
74|136.041775|136.250109|0
59|135.833442|136.250109|0
76|136.250109|136.458443|0
77|136.458443|136.666776|0
62|136.250109|136.666776|0
76|136.666776|137.083443|0
45|136.666776|137.083443|0
72|136.666776|137.083443|0
69|137.083443|137.291776|0
72|137.083443|137.291776|0
74|137.291776|137.500110|0
71|137.291776|137.500110|0
52|137.083443|137.500110|0
76|137.500110|137.916777|0
57|137.500110|137.916777|0
72|137.500110|137.916777|0
64|137.916777|138.125111|0
65|138.125111|138.333444|0
60|137.916777|138.333444|0
67|138.333444|138.541777|0
69|138.541777|138.750111|0
40|138.333444|138.750111|0
67|138.750111|138.958445|0
65|138.958445|139.166778|0
52|138.750111|139.166778|0
67|139.166778|139.375112|0
72|139.375112|139.583445|0
69|139.375112|139.583445|0
55|139.166778|139.583445|0
71|139.583445|139.791779|0
67|139.583445|139.791779|0
72|139.791779|140.000112|0
69|139.791779|140.000112|0
59|139.583445|140.000112|0
41|140.000112|140.416779|0
69|140.000112|140.416779|0
65|140.000112|140.416779|0
72|140.416779|140.625113|0
69|140.416779|140.625113|0
71|140.625113|140.833446|0
67|140.625113|140.833446|0
53|140.416779|140.833446|0
69|140.833446|141.250113|0
57|140.833446|141.250113|0
65|140.833446|141.250113|0
67|141.250113|141.458447|0
64|141.250113|141.458447|0
65|141.458447|141.666780|0
62|141.458447|141.666780|0
60|141.250113|141.666780|0
67|141.666780|141.875113|0
64|141.666780|141.875113|0
65|141.875113|142.083447|0
48|141.666780|142.083447|0
36|141.666780|142.083447|0
62|141.875113|142.083447|0
64|142.083447|142.291781|0
60|142.083447|142.291781|0
65|142.291781|142.500114|0
62|142.291781|142.500114|0
52|142.083447|142.500114|0
67|142.500114|142.708448|0
64|142.500114|142.708448|0
69|142.708448|142.916781|0
65|142.708448|142.916781|0
55|142.500114|142.916781|0
71|142.916781|143.125114|0
67|142.916781|143.125114|0
72|143.125114|143.333448|0
69|143.125114|143.333448|0
60|142.916781|143.333448|0
69|143.333448|143.750115|0
41|143.333448|143.750115|0
65|143.333448|143.750115|0
72|143.750115|143.958449|0
69|143.750115|143.958449|0
71|143.958449|144.166782|0
67|143.958449|144.166782|0
53|143.750115|144.166782|0
72|144.166782|144.583449|0
57|144.166782|144.583449|0
69|144.166782|144.583449|0
71|144.583449|144.791783|0
67|144.583449|144.791783|0
72|144.791783|145.000116|0
69|144.791783|145.000116|0
60|144.583449|145.000116|0
71|145.000116|145.208450|0
67|145.000116|145.208450|0
69|145.208450|145.416783|0
43|145.000116|145.416783|0
71|145.416783|145.625117|0
72|145.625117|145.833450|0
55|145.416783|145.833450|0
74|145.833450|146.041784|0
76|146.041784|146.250117|0
59|145.833450|146.250117|0
77|146.250117|146.458450|0
79|146.458450|146.666784|0
62|146.250117|146.666784|0
48|146.666784|147.083451|0
36|146.666784|147.083451|0
76|146.666784|147.083451|0
72|147.083451|147.291785|0
74|147.291785|147.500118|0
55|147.083451|147.500118|0
60|147.500118|147.916785|0
76|147.500118|147.916785|0
74|147.916785|148.125119|0
72|148.125119|148.333452|0
64|147.916785|148.333452|0
74|148.333452|148.541786|0
71|148.541786|148.750119|0
43|148.333452|148.750119|0
72|148.750119|148.958453|0
74|148.958453|149.166786|0
50|148.750119|149.166786|0
76|149.166786|149.375120|0
74|149.375120|149.583453|0
55|149.166786|149.583453|0
72|149.583453|149.791787|0
71|149.791787|150.000120|0
59|149.583453|150.000120|0
45|150.000120|150.416787|0
72|150.000120|150.416787|0
69|150.416787|150.625121|0
71|150.625121|150.833454|0
52|150.416787|150.833454|0
57|150.833454|151.250121|0
72|150.833454|151.250121|0
60|151.250121|151.458455|0
60|151.250121|151.458455|0
62|151.458455|151.666788|0
64|151.666788|151.875122|0
65|151.875122|152.083455|0
40|151.666788|152.083455|0
64|152.083455|152.291789|0
62|152.291789|152.500122|0
52|152.083455|152.500122|0
64|152.500122|152.708456|0
72|152.708456|152.916789|0
55|152.500122|152.916789|0
71|152.916789|153.125123|0
72|153.125123|153.333456|0
59|152.916789|153.333456|0
41|153.333456|153.750123|0
69|153.333456|153.750123|0
72|153.750123|153.958457|0
71|153.958457|154.166790|0
53|153.750123|154.166790|0
57|154.166790|154.583457|0
69|154.166790|154.583457|0
67|154.583457|154.791791|0
65|154.791791|155.000124|0
60|154.583457|155.000124|0
67|155.000124|155.208458|0
65|155.208458|155.416791|0
48|155.000124|155.416791|0
36|155.000124|155.416791|0
64|155.416791|155.625124|0
65|155.625124|155.833458|0
52|155.416791|155.833458|0
67|155.833458|156.041792|0
69|156.041792|156.250125|0
55|155.833458|156.250125|0
71|156.250125|156.458459|0
72|156.458459|156.666792|0
60|156.250125|156.666792|0
41|156.666792|157.083459|0
69|156.666792|157.083459|0
72|157.083459|157.291793|0
71|157.291793|157.500126|0
53|157.083459|157.500126|0
57|157.500126|157.916793|0
72|157.500126|157.916793|0
71|157.916793|158.125127|0
69|158.125127|158.333460|0
60|157.916793|158.333460|0
71|158.333460|158.541794|0
72|158.541794|158.750127|0
43|158.333460|158.750127|0
74|158.750127|158.958461|0
72|158.958461|159.166794|0
55|158.750127|159.166794|0
71|159.166794|159.375128|0
72|159.375128|159.583461|0
59|159.166794|159.583461|0
69|159.583461|159.791795|0
71|159.791795|160.000128|0
62|159.583461|160.000128|0
55|160.416795|160.833462|0
60|160.833462|161.250129|0
64|161.250129|161.666796|0
36|160.000128|161.666796|0
48|160.000128|161.666796|0
72|160.000128|161.666796|0
50|162.083463|162.500130|0
55|162.500130|162.916797|0
59|162.916797|163.333464|0
43|161.666796|163.333464|0
31|161.666796|163.333464|0
52|163.750131|164.166798|0
57|164.166798|164.583465|0
60|164.583465|165.000132|0
45|163.333464|165.000132|0
33|163.333464|165.000132|0
55|165.416799|165.833466|0
59|165.833466|166.250133|0
64|166.250133|166.666800|0
40|165.000132|166.666800|0
28|165.000132|166.666800|0
48|167.083467|167.500134|0
53|167.500134|167.916801|0
57|167.916801|168.333468|0
41|166.666800|168.333468|0
29|166.666800|168.333468|0
52|168.750135|169.166802|0
55|169.166802|169.583469|0
60|169.583469|170.000136|0
48|168.333468|170.000136|0
36|168.333468|170.000136|0
50|170.416803|170.833470|0
57|170.833470|171.250137|0
60|171.250137|171.666804|0
41|170.000136|171.666804|0
29|170.000136|171.666804|0
50|172.083471|172.500138|0
55|172.500138|172.916805|0
59|172.916805|173.333472|0
43|171.666804|173.333472|0
31|171.666804|173.333472|0
48|173.333472|173.750139|0
36|173.333472|173.750139|0
76|173.750139|173.958472|0
72|173.750139|173.958472|0
74|173.958472|174.166806|0
77|173.958472|174.166806|0
55|173.750139|174.166806|0
60|174.166806|174.583473|0
76|174.166806|174.583473|0
79|174.166806|174.583473|0
64|174.583473|175.000140|0
72|174.583473|175.000140|0
76|174.583473|175.000140|0
43|175.000140|175.416807|0
31|175.000140|175.416807|0
67|175.416807|175.625141|0
71|175.416807|175.625141|0
72|175.625141|175.833474|0
69|175.625141|175.833474|0
50|175.416807|175.833474|0
55|175.833474|176.250141|0
74|175.833474|176.250141|0
71|175.833474|176.250141|0
59|176.250141|176.666808|0
67|176.250141|176.666808|0
71|176.250141|176.666808|0
69|176.875142|177.083475|0
45|176.666808|177.083475|0
33|176.666808|177.083475|0
69|177.083475|177.291809|0
72|177.083475|177.291809|0
71|177.291809|177.500142|0
74|177.291809|177.500142|0
52|177.083475|177.500142|0
57|177.500142|177.916809|0
76|177.500142|177.916809|0
72|177.500142|177.916809|0
60|177.916809|178.333476|0
72|177.916809|178.333476|0
69|178.541809|178.750143|0
40|178.333476|178.750143|0
52|178.333476|178.750143|0
76|178.750143|178.958477|0
72|178.750143|178.958477|0
74|178.958477|179.166810|0
71|178.958477|179.166810|0
55|178.750143|179.166810|0
59|179.166810|179.583477|0
72|179.166810|179.583477|0
69|179.166810|179.583477|0
64|179.583477|180.000144|0
67|179.583477|180.000144|0
71|179.583477|180.000144|0
65|180.208478|180.416811|0
41|180.000144|180.416811|0
69|180.416811|180.625145|0
65|180.416811|180.625145|0
67|180.625145|180.833478|0
71|180.625145|180.833478|0
53|180.416811|180.833478|0
57|180.833478|181.250145|0
72|180.833478|181.250145|0
69|180.833478|181.250145|0
60|181.250145|181.666812|0
69|181.250145|181.666812|0
65|181.250145|181.666812|0
64|181.875146|182.083479|0
48|181.666812|182.083479|0
36|181.666812|182.083479|0
64|182.083479|182.291813|0
67|182.083479|182.291813|0
65|182.291813|182.500146|0
69|182.291813|182.500146|0
52|182.083479|182.500146|0
55|182.500146|182.916813|0
69|182.500146|182.916813|0
72|182.500146|182.916813|0
60|182.916813|183.333480|0
64|182.916813|183.333480|0
67|182.916813|183.333480|0
65|183.541814|183.750147|0
69|183.541814|183.750147|0
41|183.333480|183.750147|0
71|183.750147|183.958481|0
67|183.750147|183.958481|0
71|183.958481|184.166814|0
67|183.958481|184.166814|0
53|183.750147|184.166814|0
57|184.166814|184.583481|0
72|184.166814|184.583481|0
69|184.166814|184.583481|0
69|184.583481|184.791815|0
65|184.583481|184.791815|0
60|184.583481|185.000148|0
67|184.791815|185.208482|0
67|185.208482|185.416815|0
43|185.000148|185.416815|0
67|185.416815|185.625149|0
71|185.416815|185.625149|0
72|185.625149|185.833482|0
69|185.625149|185.833482|0
55|185.416815|185.833482|0
59|185.833482|186.250149|0
71|185.833482|186.250149|0
74|185.833482|186.250149|0
62|186.250149|186.666816|0
67|186.250149|186.666816|0
71|186.250149|186.666816|0
72|186.875150|187.083483|0
48|186.666816|187.083483|0
36|186.666816|187.083483|0
72|187.083483|187.291817|0
76|187.083483|187.291817|0
74|187.291817|187.500150|0
77|187.291817|187.500150|0
55|187.083483|187.500150|0
60|187.500150|187.916817|0
76|187.500150|187.916817|0
79|187.500150|187.916817|0
64|187.916817|188.333484|0
72|187.916817|188.333484|0
76|187.916817|188.333484|0
43|188.333484|188.750151|0
71|188.750151|188.958485|0
74|188.750151|188.958485|0
72|188.958485|189.166818|0
76|188.958485|189.166818|0
55|188.750151|189.166818|0
74|189.166818|189.375152|0
77|189.166818|189.375152|0
71|189.375152|189.583485|0
59|189.166818|189.583485|0
74|189.583485|189.791819|0
62|189.583485|190.000152|0
69|189.791819|190.208486|0
69|190.208486|190.416819|0
45|190.000152|190.416819|0
72|190.416819|190.625153|0
69|190.416819|190.625153|0
69|190.625153|190.833486|0
74|190.625153|190.833486|0
52|190.416819|190.833486|0
57|190.833486|191.250153|0
69|190.833486|191.250153|0
76|190.833486|191.250153|0
72|191.250153|191.458487|0
60|191.250153|191.666820|0
71|191.458487|191.875154|0
71|191.875154|192.083487|0
40|191.666820|192.083487|0
76|192.083487|192.291821|0
79|192.083487|192.291821|0
74|192.291821|192.500154|0
77|192.291821|192.500154|0
52|192.083487|192.500154|0
76|192.500154|192.708488|0
71|192.708488|192.916821|0
55|192.500154|192.916821|0
76|192.916821|193.125155|0
79|192.916821|193.125155|0
72|193.125155|193.333488|0
59|192.916821|193.333488|0
81|193.333488|193.541822|0
77|193.333488|193.541822|0
72|193.541822|193.750155|0
41|193.333488|193.750155|0
77|193.750155|193.958489|0
81|193.750155|193.958489|0
79|193.958489|194.166822|0
53|193.750155|194.166822|0
57|194.166822|194.583489|0
77|194.166822|194.583489|0
81|194.583489|194.791823|0
77|194.583489|194.791823|0
72|194.791823|195.000156|0
60|194.583489|195.000156|0
79|195.000156|195.208490|0
76|195.000156|195.208490|0
72|195.208490|195.416823|0
36|195.000156|195.416823|0
48|195.000156|195.416823|0
76|195.416823|195.625157|0
79|195.416823|195.625157|0
77|195.625157|195.833490|0
52|195.416823|195.833490|0
76|195.833490|196.041824|0
72|196.041824|196.250157|0
55|195.833490|196.250157|0
76|196.250157|196.458491|0
79|196.250157|196.458491|0
72|196.458491|196.666824|0
60|196.250157|196.666824|0
81|196.666824|196.875158|0
77|196.666824|196.875158|0
79|196.875158|197.083491|0
76|196.875158|197.083491|0
41|196.666824|197.083491|0
77|197.083491|197.291825|0
72|197.083491|197.291825|0
81|197.291825|197.500158|0
77|197.291825|197.500158|0
53|197.083491|197.500158|0
79|197.500158|197.708492|0
76|197.500158|197.708492|0
77|197.708492|197.916825|0
72|197.708492|197.916825|0
57|197.500158|197.916825|0
77|197.916825|198.125159|0
81|197.916825|198.125159|0
74|198.125159|198.333492|0
60|197.916825|198.333492|0
79|198.333492|198.541826|0
83|198.333492|198.541826|0
77|198.541826|198.750159|0
81|198.541826|198.750159|0
43|198.333492|198.750159|0
74|198.750159|198.958493|0
67|198.958493|199.166826|0
55|198.750159|199.166826|0
71|199.166826|199.375160|0
72|199.375160|199.583493|0
67|199.375160|199.583493|0
59|199.166826|199.583493|0
74|199.583493|199.791827|0
67|199.583493|199.791827|0
67|199.791827|200.000160|0
62|199.583493|200.000160|0
76|200.000160|200.208494|0
48|200.000160|200.416827|0
36|200.000160|200.416827|0
67|200.208494|200.625161|0
67|200.625161|200.833494|0
55|200.416827|200.833494|0
67|200.833494|201.041828|0
76|200.833494|201.041828|0
67|201.041828|201.250161|0
74|201.041828|201.250161|0
60|200.833494|201.250161|0
67|201.250161|201.458495|0
72|201.250161|201.458495|0
64|201.250161|201.666828|0
67|201.458495|201.875162|0
74|201.458495|201.875162|0
43|201.666828|202.083495|0
67|201.875162|202.291829|0
67|202.291829|202.500162|0
76|202.291829|202.500162|0
55|202.083495|202.500162|0
77|202.500162|202.708496|0
67|202.500162|202.708496|0
76|202.708496|202.916829|0
59|202.500162|202.916829|0
74|202.916829|203.125163|0
64|203.125163|203.333496|0
62|202.916829|203.333496|0
45|203.333496|203.750163|0
72|203.333496|203.958497|0
64|203.333496|203.958497|0
52|203.750163|204.166830|0
72|203.958497|204.375164|0
64|203.958497|204.375164|0
64|204.375164|204.583497|0
57|204.166830|204.583497|0
64|204.583497|204.791831|0
71|204.583497|204.791831|0
64|204.791831|205.000164|0
72|204.791831|205.000164|0
60|204.583497|205.000164|0
40|205.000164|205.416831|0
64|205.000164|205.416831|0
71|205.000164|205.416831|0
67|205.416831|205.625165|0
52|205.416831|205.833498|0
64|205.625165|206.041832|0
55|205.833498|206.250165|0
67|206.041832|206.458499|0
60|206.458499|206.666832|0
59|206.250165|206.666832|0
65|206.666832|206.875166|0
69|206.666832|206.875166|0
41|206.666832|207.083499|0
60|206.875166|207.291833|0
53|207.083499|207.500166|0
71|207.291833|207.708500|0
67|207.291833|207.708500|0
60|207.708500|207.916833|0
57|207.500166|207.916833|0
72|207.916833|208.125167|0
60|207.916833|208.333500|0
60|208.125167|208.333500|0
48|208.333500|208.750167|0
36|208.333500|208.750167|0
67|208.333500|208.958501|0
52|208.750167|209.166834|0
72|208.958501|209.375168|0
67|208.958501|209.375168|0
72|209.375168|209.583501|0
67|209.375168|209.583501|0
55|209.166834|209.583501|0
72|209.583501|209.791835|0
67|209.583501|209.791835|0
72|209.791835|210.000168|0
67|209.791835|210.000168|0
60|209.583501|210.000168|0
65|210.000168|210.208502|0
69|210.000168|210.208502|0
41|210.000168|210.416835|0
60|210.208502|210.625169|0
60|210.625169|210.833502|0
50|210.416835|210.833502|0
65|210.833502|211.041836|0
69|211.041836|211.250169|0
57|210.833502|211.250169|0
72|211.250169|211.458503|0
62|211.458503|211.666836|0
60|211.250169|211.666836|0
71|211.666836|211.875170|0
43|211.666836|212.083503|0
62|211.875170|212.291837|0
50|212.083503|212.500170|0
62|212.291837|212.708504|0
72|212.291837|212.708504|0
62|212.708504|212.916837|0
55|212.500170|212.916837|0
74|212.916837|213.125171|0
67|213.125171|213.333504|0
59|212.916837|213.333504|0
76|213.333504|213.541838|0
36|213.333504|213.750171|0
48|213.333504|213.750171|0
67|213.541838|213.958505|0
67|213.958505|214.166838|0
55|213.750171|214.166838|0
67|214.166838|214.375172|0
76|214.166838|214.375172|0
67|214.375172|214.583505|0
74|214.375172|214.583505|0
60|214.166838|214.583505|0
67|214.583505|214.791839|0
72|214.583505|214.791839|0
74|214.791839|215.000172|0
64|214.583505|215.000172|0
67|214.791839|215.208506|0
43|215.000172|215.416839|0
67|215.208506|215.625173|0
67|215.625173|215.833506|0
76|215.625173|215.833506|0
55|215.416839|215.833506|0
67|215.833506|216.041840|0
77|215.833506|216.041840|0
76|216.041840|216.250173|0
59|215.833506|216.250173|0
74|216.250173|216.458507|0
62|216.250173|216.666840|0
45|216.666840|217.083507|0
74|216.666840|217.291841|0
64|216.458507|217.291841|0
52|217.083507|217.500174|0
64|217.291841|217.708508|0
72|217.291841|217.708508|0
64|217.708508|217.916841|0
57|217.500174|217.916841|0
62|217.916841|218.125175|0
71|217.916841|218.125175|0
72|218.125175|218.333508|0
60|217.916841|218.333508|0
64|218.333508|218.541842|0
67|218.541842|218.750175|0
40|218.333508|218.750175|0
71|218.750175|218.958509|0
72|218.958509|219.166842|0
52|218.750175|219.166842|0
76|219.166842|219.375176|0
79|219.375176|219.583509|0
55|219.166842|219.583509|0
83|219.583509|219.791843|0
84|219.791843|220.000176|0
59|219.583509|220.000176|0
83|220.000176|220.208510|0
81|220.208510|220.416843|0
41|220.000176|220.416843|0
79|220.416843|220.625177|0
77|220.625177|220.833510|0
53|220.416843|220.833510|0
79|220.833510|221.041844|0
77|221.041844|221.250177|0
57|220.833510|221.250177|0
76|221.250177|221.458511|0
74|221.458511|221.666844|0
60|221.250177|221.666844|0
76|221.666844|221.875178|0
79|221.666844|221.875178|0
74|221.875178|222.083511|0
36|221.666844|222.083511|0
48|221.666844|222.083511|0
72|222.083511|222.291845|0
71|222.291845|222.500178|0
52|222.083511|222.500178|0
72|222.500178|222.708512|0
71|222.708512|222.916845|0
55|222.500178|222.916845|0
69|222.916845|223.125179|0
67|223.125179|223.333512|0
60|222.916845|223.333512|0
69|223.333512|223.541846|0
67|223.541846|223.750179|0
41|223.333512|223.750179|0
65|223.750179|223.958513|0
67|223.958513|224.166846|0
53|223.750179|224.166846|0
69|224.166846|224.375180|0
65|224.375180|224.583513|0
57|224.166846|224.583513|0
72|224.583513|224.791847|0
67|224.791847|225.000180|0
60|224.583513|225.000180|0
71|225.000180|225.208514|0
69|225.208514|225.416847|0
43|225.000180|225.416847|0
67|225.416847|225.625181|0
55|225.416847|225.833514|0
72|225.625181|226.041848|0
67|226.041848|226.250181|0
59|225.833514|226.250181|0
74|226.250181|226.458515|0
67|226.458515|226.666848|0
62|226.250181|226.666848|0
76|226.666848|226.875182|0
36|226.666848|227.083515|0
48|226.666848|227.083515|0
67|226.875182|227.291849|0
67|227.291849|227.500182|0
55|227.083515|227.500182|0
76|227.500182|227.708516|0
67|227.708516|227.916849|0
60|227.500182|227.916849|0
77|227.916849|228.125183|0
67|228.125183|228.333516|0
64|227.916849|228.333516|0
71|228.333516|228.541850|0
79|228.333516|228.541850|0
69|228.541850|228.750183|0
43|228.333516|228.750183|0
72|228.750183|228.958517|0
81|228.750183|228.958517|0
67|228.958517|229.166850|0
55|228.750183|229.166850|0
71|229.166850|229.375184|0
79|229.166850|229.375184|0
67|229.375184|229.583517|0
59|229.166850|229.583517|0
71|229.583517|229.791851|0
77|229.583517|229.791851|0
62|229.583517|230.000184|0
62|229.791851|230.000184|0
69|230.000184|230.208518|0
76|230.000184|230.208518|0
45|230.000184|230.416851|0
64|230.208518|230.625185|0
64|230.625185|230.833518|0
52|230.416851|230.833518|0
64|230.833518|231.041852|0
72|230.833518|231.041852|0
64|231.041852|231.250185|0
72|231.041852|231.250185|0
57|230.833518|231.250185|0
74|231.250185|231.458519|0
64|231.458519|231.666852|0
60|231.250185|231.666852|0
67|231.666852|231.875186|0
76|231.666852|231.875186|0
65|231.875186|232.083519|0
40|231.666852|232.083519|0
77|232.083519|232.291853|0
64|232.291853|232.500186|0
52|232.083519|232.500186|0
76|232.500186|232.708520|0
62|232.708520|232.916853|0
55|232.500186|232.916853|0
74|232.916853|233.125187|0
60|232.916853|233.333520|0
60|233.125187|233.333520|0
65|233.333520|233.541854|0
69|233.333520|233.541854|0
41|233.333520|233.750187|0
60|233.541854|233.958521|0
60|233.958521|234.166854|0
48|233.750187|234.166854|0
60|234.166854|234.375188|0
69|234.166854|234.375188|0
71|234.375188|234.583521|0
53|234.166854|234.583521|0
72|234.583521|234.791855|0
57|234.583521|235.000188|0
60|234.791855|235.208522|0
67|234.791855|235.208522|0
48|235.000188|235.416855|0
36|235.000188|235.416855|0
72|235.208522|235.625189|0
72|235.625189|235.833522|0
52|235.416855|235.833522|0
72|235.833522|236.041856|0
67|235.833522|236.041856|0
55|235.833522|236.250189|0
72|236.041856|236.458523|0
67|236.041856|236.458523|0
72|236.458523|236.666856|0
60|236.250189|236.666856|0
65|236.666856|236.875190|0
69|236.666856|236.875190|0
41|236.666856|237.083523|0
60|236.875190|237.291857|0
60|237.291857|237.500190|0
50|237.083523|237.500190|0
65|237.500190|237.708524|0
69|237.708524|237.916857|0
57|237.500190|237.916857|0
72|237.916857|238.125191|0
62|238.125191|238.333524|0
60|237.916857|238.333524|0
72|238.333524|238.541858|0
43|238.333524|238.750191|0
62|238.541858|238.958525|0
50|238.750191|239.166858|0
62|238.958525|239.375192|0
71|238.958525|239.375192|0
72|239.375192|239.583525|0
55|239.166858|239.583525|0
74|239.583525|239.791859|0
67|239.791859|240.000192|0
59|239.583525|240.000192|0
76|240.000192|240.208526|0
72|240.000192|240.208526|0
48|240.000192|240.416859|0
36|240.000192|240.416859|0
67|240.208526|240.625193|0
67|240.625193|240.833526|0
55|240.416859|240.833526|0
76|240.833526|241.041860|0
72|240.833526|241.041860|0
67|241.041860|241.250193|0
60|240.833526|241.250193|0
77|241.250193|241.458527|0
74|241.250193|241.458527|0
67|241.458527|241.666860|0
64|241.250193|241.666860|0
71|241.666860|241.875194|0
79|241.666860|241.875194|0
69|241.875194|242.083527|0
43|241.666860|242.083527|0
72|242.083527|242.291861|0
81|242.083527|242.291861|0
67|242.291861|242.500194|0
55|242.083527|242.500194|0
71|242.500194|242.708528|0
79|242.500194|242.708528|0
67|242.708528|242.916861|0
59|242.500194|242.916861|0
71|242.916861|243.125195|0
77|242.916861|243.125195|0
64|243.125195|243.333528|0
62|242.916861|243.333528|0
72|243.333528|243.541862|0
76|243.333528|243.541862|0
45|243.333528|243.750195|0
64|243.541862|243.958529|0
64|243.958529|244.166862|0
52|243.750195|244.166862|0
64|244.166862|244.375196|0
72|244.166862|244.375196|0
64|244.375196|244.583529|0
72|244.375196|244.583529|0
57|244.166862|244.583529|0
74|244.583529|244.791863|0
64|244.791863|245.000196|0
60|244.583529|245.000196|0
67|245.000196|245.208530|0
76|245.000196|245.208530|0
65|245.208530|245.416863|0
40|245.000196|245.416863|0
77|245.416863|245.625197|0
64|245.625197|245.833530|0
52|245.416863|245.833530|0
76|245.833530|246.041864|0
62|246.041864|246.250197|0
55|245.833530|246.250197|0
74|246.250197|246.458531|0
60|246.458531|246.666864|0
59|246.250197|246.666864|0
65|246.666864|246.875198|0
69|246.666864|246.875198|0
41|246.666864|247.083531|0
60|246.875198|247.291865|0
60|247.291865|247.500198|0
48|247.083531|247.500198|0
60|247.500198|247.708532|0
69|247.500198|247.708532|0
71|247.708532|247.916865|0
53|247.500198|247.916865|0
72|247.916865|248.125199|0
57|247.916865|248.333532|0
67|248.125199|248.541866|0
72|248.541866|248.750199|0
48|248.333532|248.750199|0
36|248.333532|248.750199|0
71|248.750199|248.958533|0
72|248.958533|249.166866|0
52|248.750199|249.166866|0
60|248.125199|249.166866|0
67|249.166866|249.375200|0
72|249.375200|249.583533|0
55|249.166866|249.583533|0
71|249.583533|249.791867|0
72|249.791867|250.000200|0
60|249.583533|250.000200|0
64|249.166866|250.000200|0
69|250.000200|250.208534|0
72|250.208534|250.416867|0
41|250.000200|250.416867|0
71|250.416867|250.625201|0
72|250.625201|250.833534|0
53|250.416867|250.833534|0
65|250.000200|250.833534|0
69|250.833534|251.041868|0
72|251.041868|251.250201|0
57|250.833534|251.250201|0
71|251.250201|251.458535|0
72|251.458535|251.666868|0
60|251.250201|251.666868|0
65|250.833534|251.666868|0
62|251.666868|251.875202|0
71|251.666868|251.875202|0
67|251.875202|252.083535|0
43|251.666868|252.083535|0
62|252.083535|252.291869|0
50|252.083535|252.500202|0
62|252.291869|252.708536|0
72|252.291869|252.708536|0
62|252.708536|252.916869|0
55|252.500202|252.916869|0
74|252.916869|253.125203|0
67|253.125203|253.333536|0
59|252.916869|253.333536|0
76|253.333536|253.541870|0
36|253.333536|253.750203|0
48|253.333536|253.750203|0
67|253.541870|253.958537|0
67|253.958537|254.166870|0
55|253.750203|254.166870|0
67|254.166870|254.375204|0
76|254.166870|254.375204|0
67|254.375204|254.583537|0
76|254.375204|254.583537|0
60|254.166870|254.583537|0
67|254.583537|254.791871|0
77|254.583537|254.791871|0
67|254.791871|255.000204|0
64|254.583537|255.000204|0
71|255.000204|255.208538|0
79|255.000204|255.208538|0
69|255.208538|255.416871|0
43|255.000204|255.416871|0
72|255.416871|255.625205|0
81|255.416871|255.625205|0
67|255.625205|255.833538|0
55|255.416871|255.833538|0
71|255.833538|256.041872|0
79|255.833538|256.041872|0
67|256.041872|256.250205|0
59|255.833538|256.250205|0
69|256.250205|256.458539|0
77|256.250205|256.458539|0
64|256.458539|256.666872|0
62|256.250205|256.666872|0
71|256.666872|256.875205|0
76|256.666872|256.875205|0
72|256.666872|256.875205|0
45|256.666872|257.083539|0
64|256.875205|257.291873|0
64|257.291873|257.500206|0
52|257.083539|257.500206|0
64|257.500206|257.708540|0
72|257.500206|257.708540|0
64|257.708540|257.916873|0
72|257.708540|257.916873|0
57|257.500206|257.916873|0
64|257.916873|258.125206|0
74|257.916873|258.125206|0
64|258.125206|258.333540|0
60|257.916873|258.333540|0
67|258.333540|258.541874|0
76|258.333540|258.541874|0
65|258.541874|258.750207|0
40|258.333540|258.750207|0
77|258.750207|258.958541|0
64|258.958541|259.166874|0
52|258.750207|259.166874|0
76|259.166874|259.375208|0
70|259.166874|259.375208|0
64|259.375208|259.583541|0
55|259.166874|259.583541|0
74|259.583541|259.791875|0
65|259.791875|260.000208|0
59|259.583541|260.000208|0
69|260.000208|260.208542|0
72|260.000208|260.208542|0
41|260.000208|260.416875|0
65|260.208542|260.625209|0
65|260.625209|260.833542|0
53|260.416875|260.833542|0
69|260.833542|261.041876|0
71|261.041876|261.250209|0
57|260.833542|261.250209|0
72|261.250209|261.458543|0
60|261.250209|261.666876|0
72|261.458543|261.875210|0
67|261.458543|261.875210|0
72|261.875210|262.083543|0
36|261.666876|262.083543|0
48|261.666876|262.083543|0
71|262.083543|262.291877|0
72|262.291877|262.500210|0
52|262.083543|262.500210|0
64|261.458543|262.500210|0
67|262.500210|262.708544|0
72|262.708544|262.916877|0
55|262.500210|262.916877|0
71|262.916877|263.125211|0
72|263.125211|263.333544|0
60|262.916877|263.333544|0
64|262.500210|263.333544|0
69|263.333544|263.541877|0
72|263.541877|263.750211|0
41|263.333544|263.750211|0
71|263.750211|263.958545|0
72|263.958545|264.166878|0
53|263.750211|264.166878|0
65|263.333544|264.166878|0
69|264.166878|264.375212|0
72|264.375212|264.583545|0
57|264.166878|264.583545|0
71|264.583545|264.791878|0
72|264.791878|265.000212|0
60|264.583545|265.000212|0
65|264.166878|265.000212|0
62|265.000212|265.208546|0
71|265.000212|265.208546|0
67|265.208546|265.416879|0
38|265.000212|265.416879|0
62|265.416879|265.625213|0
50|265.416879|265.833546|0
62|265.625213|266.041879|0
72|265.625213|266.041879|0
62|266.041879|266.250213|0
55|265.833546|266.250213|0
74|266.250213|266.458547|0
62|266.250213|266.458547|0
67|266.458547|266.666880|0
59|266.250213|266.666880|0
76|266.666880|266.875214|0
72|266.875214|267.083547|0
36|266.666880|267.083547|0
48|266.666880|267.083547|0
67|267.083547|267.291880|0
67|267.291880|267.500214|0
55|267.083547|267.500214|0
72|267.500214|267.708548|0
76|267.500214|267.708548|0
67|267.708548|267.916881|0
60|267.500214|267.916881|0
77|267.916881|268.125215|0
72|267.916881|268.125215|0
67|268.125215|268.333548|0
64|267.916881|268.333548|0
71|268.333548|268.541882|0
79|268.333548|268.541882|0
69|268.541882|268.750215|0
43|268.333548|268.750215|0
72|268.750215|268.958549|0
81|268.750215|268.958549|0
67|268.958549|269.166882|0
50|268.750215|269.166882|0
71|269.166882|269.375216|0
79|269.166882|269.375216|0
67|269.375216|269.583549|0
55|269.166882|269.583549|0
69|269.583549|269.791883|0
77|269.583549|269.791883|0
64|269.791883|270.000216|0
59|269.583549|270.000216|0
71|270.000216|270.208550|0
76|270.000216|270.208550|0
72|270.000216|270.208550|0
45|270.000216|270.416883|0
64|270.208550|270.625217|0
64|270.625217|270.833550|0
52|270.416883|270.833550|0
64|270.833550|271.041884|0
71|270.833550|271.041884|0
72|270.833550|271.041884|0
64|271.041884|271.250217|0
57|270.833550|271.250217|0
71|271.041884|271.250217|0
72|271.041884|271.250217|0
64|271.250217|271.458551|0
74|271.250217|271.458551|0
64|271.458551|271.666884|0
60|271.250217|271.666884|0
67|271.666884|271.875218|0
76|271.666884|271.875218|0
65|271.875218|272.083551|0
40|271.666884|272.083551|0
77|272.083551|272.291885|0
64|272.291885|272.500218|0
52|272.083551|272.500218|0
76|272.500218|272.708551|0
70|272.500218|272.708551|0
64|272.708551|272.916885|0
55|272.500218|272.916885|0
74|272.916885|273.125219|0
65|273.125219|273.333552|0
59|272.916885|273.333552|0
69|273.333552|273.541886|0
72|273.333552|273.541886|0
41|273.333552|273.750219|0
65|273.541886|273.958552|0
65|273.958552|274.166886|0
53|273.750219|274.166886|0
69|274.166886|274.375220|0
71|274.375220|274.583553|0
57|274.166886|274.583553|0
72|274.583553|274.791887|0
60|274.583553|275.000220|0
72|274.791887|275.208553|0
67|274.791887|275.208553|0
72|275.208553|275.416887|0
36|275.000220|275.416887|0
48|275.000220|275.416887|0
71|275.416887|275.625221|0
72|275.625221|275.833554|0
52|275.416887|275.833554|0
64|274.791887|275.833554|0
67|275.833554|276.041888|0
72|276.041888|276.250221|0
55|275.833554|276.250221|0
71|276.250221|276.458554|0
72|276.458554|276.666888|0
60|276.250221|276.666888|0
64|275.833554|276.666888|0
69|276.666888|276.875222|0
72|276.875222|277.083555|0
41|276.666888|277.083555|0
71|277.083555|277.291889|0
72|277.291889|277.500222|0
53|277.083555|277.500222|0
65|276.666888|277.500222|0
69|277.500222|277.708556|0
72|277.708556|277.916889|0
57|277.500222|277.916889|0
71|277.916889|278.125223|0
72|278.125223|278.333556|0
60|277.916889|278.333556|0
65|277.500222|278.333556|0
62|278.333556|278.541890|0
71|278.333556|278.541890|0
67|278.541890|278.750223|0
38|278.333556|278.750223|0
62|278.750223|278.958557|0
50|278.750223|279.166890|0
62|278.958557|279.375224|0
72|278.958557|279.375224|0
62|279.375224|279.583557|0
55|279.166890|279.583557|0
59|279.583557|280.000224|0
62|279.583557|280.000224|0
76|280.000224|280.104391|0
76|280.104391|280.208558|0
76|280.208558|280.312724|0
76|280.312724|280.416891|0
48|280.000224|280.416891|0
36|280.000224|280.416891|0
76|280.416891|280.521058|0
76|280.521058|280.625225|0
76|280.625225|280.729391|0
76|280.729391|280.833558|0
55|280.416891|280.833558|0
76|280.833558|280.937725|0
76|280.937725|281.041892|0
76|281.041892|281.146058|0
76|281.146058|281.250225|0
60|280.833558|281.250225|0
76|281.250225|281.354392|0
76|281.354392|281.458559|0
76|281.458559|281.562725|0
76|281.562725|281.666892|0
64|281.250225|281.666892|0
74|281.666892|281.771059|0
74|281.771059|281.875225|0
74|281.875225|281.979392|0
74|281.979392|282.083559|0
43|281.666892|282.083559|0
74|282.083559|282.187726|0
74|282.187726|282.291893|0
74|282.291893|282.396059|0
74|282.396059|282.500226|0
50|282.083559|282.500226|0
74|282.500226|282.604393|0
74|282.604393|282.708560|0
74|282.708560|282.812726|0
74|282.812726|282.916893|0
55|282.500226|282.916893|0
74|282.916893|283.021060|0
74|283.021060|283.125226|0
74|283.125226|283.229393|0
74|283.229393|283.333560|0
59|282.916893|283.333560|0
72|283.333560|283.437727|0
72|283.437727|283.541894|0
72|283.541894|283.646060|0
72|283.646060|283.750227|0
45|283.333560|283.750227|0
72|283.750227|283.854394|0
72|283.854394|283.958561|0
72|283.958561|284.062727|0
72|284.062727|284.166894|0
52|283.750227|284.166894|0
72|284.166894|284.271061|0
72|284.271061|284.375227|0
72|284.375227|284.479394|0
72|284.479394|284.583561|0
57|284.166894|284.583561|0
72|284.583561|284.687728|0
72|284.687728|284.791895|0
72|284.791895|284.896061|0
72|284.896061|285.000228|0
60|284.583561|285.000228|0
71|285.000228|285.104395|0
71|285.104395|285.208562|0
71|285.208562|285.312728|0
71|285.312728|285.416895|0
40|285.000228|285.416895|0
71|285.416895|285.521062|0
71|285.521062|285.625228|0
71|285.625228|285.729395|0
71|285.729395|285.833562|0
52|285.416895|285.833562|0
71|285.833562|285.937729|0
71|285.937729|286.041896|0
71|286.041896|286.146062|0
71|286.146062|286.250229|0
55|285.833562|286.250229|0
71|286.250229|286.354396|0
71|286.354396|286.458563|0
71|286.458563|286.562729|0
71|286.562729|286.666896|0
59|286.250229|286.666896|0
69|286.666896|286.771063|0
69|286.771063|286.875230|0
69|286.875230|286.979396|0
69|286.979396|287.083563|0
41|286.666896|287.083563|0
69|287.083563|287.187730|0
69|287.187730|287.291897|0
69|287.291897|287.396063|0
69|287.396063|287.500230|0
53|287.083563|287.500230|0
69|287.500230|287.604397|0
69|287.604397|287.708564|0
69|287.708564|287.812730|0
69|287.812730|287.916897|0
57|287.500230|287.916897|0
69|287.916897|288.021064|0
69|288.021064|288.125231|0
69|288.125231|288.229397|0
69|288.229397|288.333564|0
60|287.916897|288.333564|0
67|288.333564|288.437731|0
67|288.437731|288.541898|0
67|288.541898|288.646064|0
67|288.646064|288.750231|0
36|288.333564|288.750231|0
48|288.333564|288.750231|0
67|288.750231|288.854398|0
67|288.854398|288.958565|0
67|288.958565|289.062731|0
67|289.062731|289.166898|0
52|288.750231|289.166898|0
67|289.166898|289.271065|0
67|289.271065|289.375232|0
67|289.375232|289.479398|0
67|289.479398|289.583565|0
55|289.166898|289.583565|0
67|289.583565|289.687732|0
67|289.687732|289.791899|0
67|289.791899|289.896065|0
67|289.896065|290.000232|0
60|289.583565|290.000232|0
69|290.000232|290.104399|0
69|290.104399|290.208566|0
69|290.208566|290.312732|0
69|290.312732|290.416899|0
41|290.000232|290.416899|0
69|290.416899|290.521066|0
69|290.521066|290.625233|0
69|290.625233|290.729399|0
69|290.729399|290.833566|0
50|290.416899|290.833566|0
69|290.833566|290.937733|0
69|290.937733|291.041899|0
69|291.041899|291.146066|0
69|291.146066|291.250233|0
57|290.833566|291.250233|0
69|291.250233|291.354400|0
69|291.354400|291.458567|0
69|291.458567|291.562733|0
69|291.562733|291.666900|0
60|291.250233|291.666900|0
71|291.666900|291.771067|0
71|291.771067|291.875234|0
71|291.875234|291.979400|0
71|291.979400|292.083567|0
43|291.666900|292.083567|0
71|292.083567|292.187734|0
71|292.187734|292.291900|0
71|292.291900|292.396067|0
71|292.396067|292.500234|0
50|292.083567|292.500234|0
71|292.500234|292.604401|0
71|292.604401|292.708568|0
71|292.708568|292.812734|0
71|292.812734|292.916901|0
55|292.500234|292.916901|0
71|292.916901|293.021068|0
71|293.021068|293.125235|0
71|293.125235|293.229401|0
71|293.229401|293.333568|0
59|292.916901|293.333568|0
76|293.333568|293.437735|0
76|293.437735|293.541901|0
76|293.541901|293.646068|0
76|293.646068|293.750235|0
48|293.333568|293.750235|0
36|293.333568|293.750235|0
76|293.750235|293.854402|0
76|293.854402|293.958569|0
76|293.958569|294.062735|0
76|294.062735|294.166902|0
55|293.750235|294.166902|0
76|294.166902|294.271069|0
76|294.271069|294.375236|0
76|294.375236|294.479402|0
76|294.479402|294.583569|0
60|294.166902|294.583569|0
76|294.583569|294.687736|0
76|294.687736|294.791902|0
76|294.791902|294.896069|0
76|294.896069|295.000236|0
64|294.583569|295.000236|0
74|295.000236|295.104403|0
74|295.104403|295.208570|0
74|295.208570|295.312736|0
74|295.312736|295.416903|0
43|295.000236|295.416903|0
74|295.416903|295.521070|0
74|295.521070|295.625237|0
74|295.625237|295.729403|0
74|295.729403|295.833570|0
50|295.416903|295.833570|0
74|295.833570|295.937737|0
74|295.937737|296.041904|0
74|296.041904|296.146070|0
74|296.146070|296.250237|0
55|295.833570|296.250237|0
74|296.250237|296.354404|0
74|296.354404|296.458571|0
74|296.458571|296.562737|0
74|296.562737|296.666904|0
59|296.250237|296.666904|0
72|296.666904|296.771071|0
72|296.771071|296.875238|0
72|296.875238|296.979404|0
72|296.979404|297.083571|0
45|296.666904|297.083571|0
72|297.083571|297.187738|0
72|297.187738|297.291905|0
72|297.291905|297.396071|0
72|297.396071|297.500238|0
52|297.083571|297.500238|0
72|297.500238|297.604405|0
72|297.604405|297.708572|0
72|297.708572|297.812738|0
72|297.812738|297.916905|0
57|297.500238|297.916905|0
72|297.916905|298.021072|0
72|298.021072|298.125239|0
72|298.125239|298.229405|0
72|298.229405|298.333572|0
60|297.916905|298.333572|0
71|298.333572|298.437739|0
71|298.437739|298.541906|0
71|298.541906|298.646072|0
71|298.646072|298.750239|0
40|298.333572|298.750239|0
71|298.750239|298.854406|0
71|298.854406|298.958573|0
71|298.958573|299.062739|0
71|299.062739|299.166906|0
52|298.750239|299.166906|0
71|299.166906|299.271073|0
71|299.271073|299.375240|0
71|299.375240|299.479406|0
71|299.479406|299.583573|0
55|299.166906|299.583573|0
71|299.583573|299.687740|0
71|299.687740|299.791907|0
71|299.791907|299.896073|0
71|299.896073|300.000240|0
59|299.583573|300.000240|0
69|300.000240|300.104407|0
69|300.104407|300.208573|0
69|300.208573|300.312740|0
69|300.312740|300.416907|0
41|300.000240|300.416907|0
69|300.416907|300.521074|0
69|300.521074|300.625241|0
69|300.625241|300.729407|0
69|300.729407|300.833574|0
53|300.416907|300.833574|0
69|300.833574|300.937741|0
69|300.937741|301.041908|0
69|301.041908|301.146074|0
69|301.146074|301.250241|0
57|300.833574|301.250241|0
69|301.250241|301.354408|0
69|301.354408|301.458574|0
69|301.458574|301.562741|0
69|301.562741|301.666908|0
60|301.250241|301.666908|0
67|301.666908|301.771075|0
67|301.771075|301.875242|0
67|301.875242|301.979408|0
67|301.979408|302.083575|0
36|301.666908|302.083575|0
67|302.083575|302.187742|0
67|302.187742|302.291909|0
67|302.291909|302.396075|0
67|302.396075|302.500242|0
52|302.083575|302.500242|0
67|302.500242|302.604409|0
67|302.604409|302.708575|0
67|302.708575|302.812742|0
67|302.812742|302.916909|0
55|302.500242|302.916909|0
67|302.916909|303.021076|0
67|303.021076|303.125243|0
67|303.125243|303.229409|0
67|303.229409|303.333576|0
60|302.916909|303.333576|0
69|303.333576|303.437743|0
69|303.437743|303.541910|0
69|303.541910|303.646076|0
69|303.646076|303.750243|0
38|303.333576|303.750243|0
69|303.750243|303.854410|0
69|303.854410|303.958576|0
69|303.958576|304.062743|0
69|304.062743|304.166910|0
53|303.750243|304.166910|0
69|304.166910|304.275606|0
69|304.275606|304.384302|0
69|304.384302|304.492997|0
69|304.492997|304.601693|0
57|304.166910|304.601693|0
69|304.601693|304.715329|0
69|304.715329|304.828966|0
69|304.828966|304.942602|0
69|304.942602|305.056238|0
60|304.601693|305.056238|0
71|305.056238|305.175286|0
71|305.175286|305.294333|0
71|305.294333|305.413381|0
71|305.413381|305.532428|0
43|305.056238|305.532428|0
71|305.532428|305.657428|0
71|305.657428|305.782428|0
71|305.782428|305.907428|0
71|305.907428|306.032428|0
50|305.532428|306.032428|0
71|306.032428|306.162863|0
71|306.162863|306.293297|0
71|306.293297|306.423732|0
71|306.423732|306.554167|0
55|306.032428|306.554167|0
71|306.554167|306.688096|0
71|306.688096|306.822024|0
71|306.822024|306.955953|0
71|306.955953|307.089881|0
59|306.554167|307.089881|0
72|307.089881|311.375593|0
48|307.089881|311.375593|0
55|307.089881|311.375593|0
64|307.089881|311.375593|0