65|0.000000|1.544598|0
60|0.000000|1.544598|0
53|0.000000|1.544598|0
56|1.714810|3.246722|0
49|1.714810|3.246722|0
44|1.714810|3.246722|0
51|3.337147|4.869059|0
58|3.363743|4.895655|0
63|3.390339|4.922250|0
46|5.039271|6.571183|0
53|5.065867|6.597779|0
58|5.092463|6.624374|0
65|6.821182|8.353094|0
60|6.821182|8.353094|0
53|6.821182|8.353094|0
56|8.523306|10.055218|0
49|8.523306|10.055218|0
44|8.523306|10.055218|0
51|10.145643|11.677555|0
58|10.172239|11.704151|0
63|10.198835|11.730746|0
46|11.847767|13.379679|0
53|11.874363|13.406275|0
58|11.900959|13.432870|0
41|13.629678|14.012656|0
48|13.629678|14.012656|0
53|13.629678|14.012656|0
53|14.055209|15.246696|0
37|15.331802|15.714780|0
44|15.331802|15.714780|0
49|15.331802|15.714780|0
49|15.757333|16.565842|0
49|16.608395|16.799884|0
51|16.821161|17.012650|0
39|17.033926|17.416904|0
46|17.033926|17.416904|0
51|17.033926|17.416904|0
51|17.459457|18.650944|0
53|18.736050|20.076473|0
46|18.736050|20.076473|0
46|20.225409|20.416898|0
41|20.438174|20.821152|0
48|20.438174|20.821152|0
53|20.438174|20.821152|0
53|20.863705|21.672214|0
48|21.714767|21.906256|0
48|21.927533|22.119022|0
37|22.140298|22.523276|0
44|22.140298|22.523276|0
49|22.140298|22.523276|0
49|22.565829|23.374338|0
44|23.629657|23.821146|0
39|23.842422|24.225400|0
46|23.842422|24.225400|0
51|23.842422|24.225400|0
51|24.267953|25.459440|0
53|25.544546|26.693480|0
46|25.544546|26.693480|0
46|26.821139|27.012628|0
34|27.033905|27.225394|0
41|27.246670|27.438159|0
29|27.459436|27.842414|0
36|27.459436|27.842414|0
41|27.884967|28.289221|0
53|28.310498|28.501987|0
29|28.523263|28.714752|0
29|28.736029|28.927518|0
32|28.948794|29.331772|0
37|28.948794|29.331772|0
44|28.948794|29.331772|0
56|29.374325|29.757303|0
55|29.799856|30.182834|0
32|30.225387|30.416876|0
32|30.438153|30.629642|0
27|30.650918|31.033896|0
34|30.650918|31.033896|0
39|30.650918|31.033896|0
51|31.076449|31.459427|0
43|31.501980|31.884958|0
29|32.353042|32.544531|0
34|32.353042|32.544531|0
41|32.353042|32.544531|0
55|32.565808|32.757297|0
48|32.778573|32.970062|0
55|32.991339|33.182828|0
56|33.204104|33.395593|0
58|33.416870|33.608359|0
60|33.629635|33.821124|0
61|33.842401|34.033890|0
41|34.055166|34.246655|0
36|34.267932|34.459421|0
48|34.267932|34.459421|0
53|34.480697|34.672186|0
48|34.693463|34.884952|0
53|34.906228|35.097717|0
56|35.118994|35.310483|0
37|35.757290|35.948779|0
44|35.970056|36.161545|0
49|36.182821|36.374310|0
39|37.459414|37.842392|0
46|37.884945|38.267923|0
58|38.310476|38.693454|0
58|38.736007|39.118985|0
65|39.161538|39.544516|0
65|39.587069|39.970047|0
70|40.012600|40.395578|0
70|40.438131|40.821109|0
39|40.863662|42.395574|0
46|40.863662|42.395574|0
51|40.863662|42.395574|0
39|42.565786|44.097698|0
37|44.267910|44.459399|0
44|44.267910|44.459399|0
49|44.267910|44.459399|0
56|44.480676|44.672165|0
61|44.693441|44.884930|0
56|44.906207|45.310461|0
61|45.331738|45.714716|0
56|45.757269|45.948758|0
37|45.970034|46.161523|0
44|46.182800|46.374289|0
49|46.395565|46.587054|0
53|46.608331|46.799820|0
56|46.821096|47.204074|0
49|47.246627|47.629605|0
39|47.672158|49.204070|0
46|47.672158|49.204070|0
51|47.672158|49.204070|0
39|49.374282|50.140238|0
46|49.374282|50.140238|0
51|50.225344|50.416833|0
39|50.438110|50.821088|0
39|50.863641|51.055130|0
37|51.076406|51.459384|0
44|51.501937|51.884915|0
49|51.927468|52.310446|0
53|52.352999|52.735977|0
44|52.778530|53.161508|0
49|53.204061|53.587039|0
53|53.629592|54.012570|0
56|54.055123|54.438101|0
49|54.480654|54.672143|0
44|54.480654|54.672143|0
37|54.480654|54.672143|0
56|54.693420|54.884909|0
65|54.906185|55.097674|0
61|54.906185|55.097674|0
61|54.906185|55.097674|0
56|55.118951|55.310440|0
65|55.331716|55.523205|0
61|55.331716|55.523205|0
61|55.331716|55.523205|0
56|55.544482|55.735971|0
65|55.757247|55.948736|0
61|55.757247|55.948736|0
61|55.757247|55.948736|0
56|55.970013|56.161502|0
61|56.182778|56.374267|0
56|56.182778|56.374267|0
49|56.182778|56.374267|0
56|56.395544|56.587033|0
65|56.608309|56.799798|0
61|56.608309|56.799798|0
61|56.608309|56.799798|0
65|57.033840|57.225329|0
61|57.033840|57.225329|0
61|57.033840|57.225329|0
65|57.459371|57.650860|0
61|57.459371|57.650860|0
61|57.459371|57.650860|0
56|57.672137|57.863626|0
68|57.884902|58.076391|0
72|57.884902|58.076391|0
63|58.097668|58.289157|0
32|56.821075|58.369831|0
44|57.246606|58.404405|0
68|58.310433|58.501922|0
72|58.310433|58.501922|0
63|58.523199|58.714688|0
68|58.735964|58.927453|0
72|58.735964|58.927453|0
63|58.948730|59.140219|0
68|59.161495|59.352984|0
72|59.161495|59.352984|0
63|59.374261|59.565750|0
67|59.587026|59.778515|0
70|59.587026|59.778515|0
63|59.799792|59.991281|0
67|60.012557|60.204046|0
70|60.012557|60.204046|0
63|60.225323|60.416812|0
67|60.438088|60.629577|0
70|60.438088|60.629577|0
63|60.650854|60.842343|0
67|60.863619|61.055108|0
70|60.863619|61.055108|0
63|61.076385|61.267874|0
72|61.289150|61.480639|0
68|61.289150|61.480639|0
65|61.501916|61.693405|0
72|61.714681|61.906170|0
68|61.714681|61.906170|0
65|61.927447|62.118936|0
72|62.140212|62.331701|0
68|62.140212|62.331701|0
65|62.352978|62.544467|0
72|62.565743|62.757232|0
68|62.565743|62.757232|0
65|62.778509|62.969998|0
73|62.991274|63.182763|0
68|62.991274|63.182763|0
65|63.204040|63.395529|0
73|63.416805|63.608294|0
68|63.416805|63.608294|0
65|63.629571|63.821060|0
73|63.842336|64.033825|0
68|63.842336|64.033825|0
65|64.055102|64.246591|0
73|64.267867|64.459356|0
68|64.267867|64.459356|0
65|64.480633|64.672122|0
68|64.693398|64.884887|0
72|64.693398|64.884887|0
63|64.906164|65.097653|0
68|65.118929|65.310418|0
72|65.118929|65.310418|0
63|65.331695|65.523184|0
68|65.544460|65.735949|0
72|65.544460|65.735949|0
63|65.757226|65.948715|0
68|65.969991|66.161480|0
72|65.969991|66.161480|0
63|66.182757|66.374246|0
67|66.395522|66.587011|0
70|66.395522|66.587011|0
63|66.608288|66.799777|0
67|66.821053|67.012542|0
63|67.033819|67.225308|0
67|67.246584|67.438073|0
70|67.246584|67.438073|0
63|67.459350|67.650839|0
67|67.672115|67.863604|0
70|67.672115|67.863604|0
63|67.884881|68.076370|0
72|68.097646|68.289135|0
68|68.097646|68.289135|0
65|68.310412|68.501901|0
72|68.523177|68.714666|0
68|68.523177|68.714666|0
65|68.735943|68.927432|0
72|68.948708|69.140197|0
68|68.948708|69.140197|0
65|69.161474|69.352963|0
72|69.374239|69.565728|0
68|69.374239|69.565728|0
65|69.587005|69.778494|0
73|69.799770|69.991259|0
68|69.799770|69.991259|0
65|70.012536|70.204025|0
73|70.225301|70.416790|0
68|70.225301|70.416790|0
65|70.438067|70.629556|0
73|70.650832|70.842321|0
68|70.650832|70.842321|0
65|70.863598|71.055087|0
73|71.076363|71.267852|0
68|71.076363|71.267852|0
65|71.289129|71.480618|0
56|71.501894|71.693383|0
44|71.501894|71.693383|0
63|71.714660|71.906149|0
72|71.927425|72.118914|0
68|71.927425|72.118914|0
63|72.140191|72.331680|0
72|72.352956|72.544445|0
68|72.352956|72.544445|0
63|72.565722|72.757211|0
72|72.778487|72.969976|0
68|72.778487|72.969976|0
63|72.991253|73.182742|0
67|73.204018|73.395507|0
70|73.204018|73.395507|0
63|73.416784|73.608273|0
67|73.629549|73.821038|0
70|73.629549|73.821038|0
63|73.842315|74.033804|0
39|73.842315|74.225293|0
67|74.055080|74.246569|0
70|74.055080|74.246569|0
63|74.267846|74.459335|0
39|74.480611|74.672100|0
67|74.480611|74.672100|0
70|74.480611|74.672100|0
39|74.693377|74.884866|0
63|74.693377|74.884866|0
41|74.906142|75.097631|0
53|74.906142|75.097631|0
41|75.118908|75.310397|0
65|75.118908|75.310397|0
68|75.331673|75.523162|0
72|75.331673|75.523162|0
65|75.544439|75.735928|0
68|75.757204|75.948693|0
72|75.757204|75.948693|0
65|75.969970|76.161459|0
49|76.182735|76.374224|0
68|76.182735|76.374224|0
72|76.182735|76.374224|0
37|76.395501|76.586990|0
65|76.395501|76.586990|0
68|76.608266|76.799755|0
73|76.608266|76.799755|0
65|76.821032|77.012521|0
37|76.821032|77.204010|0
68|77.033797|77.225286|0
73|77.033797|77.225286|0
65|77.246563|77.438052|0
37|77.246563|77.629541|0
68|77.459328|77.650817|0
73|77.459328|77.650817|0
65|77.672094|77.863583|0
68|77.884859|78.076348|0
73|77.884859|78.076348|0
37|77.884859|78.267837|0
65|78.097625|78.289114|0
36|78.310390|78.501879|0
48|78.310390|78.501879|0
60|78.523156|78.714645|0
67|78.735921|78.927410|0
63|78.735921|78.927410|0
60|78.948687|79.140176|0
67|79.161452|79.352941|0
63|79.161452|79.352941|0
60|79.374218|79.565707|0
67|79.586983|79.778472|0
63|79.586983|79.778472|0
60|79.799749|79.991238|0
66|80.012514|80.204003|0
63|80.012514|80.204003|0
59|80.225280|80.416769|0
66|80.438045|80.629534|0
63|80.438045|80.629534|0
59|80.650811|80.842300|0
66|80.863576|81.055065|0
63|80.863576|81.055065|0
59|81.076342|81.267831|0
66|81.289107|81.480596|0
63|81.289107|81.480596|0
47|81.501873|81.693362|0
37|81.714638|82.331658|0
37|82.140169|82.331658|0
25|82.352935|82.544424|0
37|82.565700|82.757189|0
37|82.778466|82.969955|0
37|82.991231|83.182720|0
44|81.714638|83.246550|0
49|81.714638|83.246550|0
25|83.203997|83.608251|0
25|83.629528|84.991227|0
32|85.118886|85.310375|0
60|85.331652|85.714630|0
56|85.331652|85.714630|0
51|85.331652|85.714630|0
44|85.331652|85.714630|0
60|85.757183|86.140161|0
56|85.757183|86.140161|0
51|85.757183|86.140161|0
44|85.757183|86.140161|0
60|86.182714|86.565692|0
56|86.182714|86.565692|0
51|86.182714|86.565692|0
44|86.182714|86.565692|0
34|86.608245|86.799734|0
27|86.821010|87.012499|0
58|87.033776|87.416754|0
55|87.033776|87.416754|0
51|87.033776|87.416754|0
46|87.033776|87.416754|0
58|87.459307|87.842285|0
55|87.459307|87.842285|0
51|87.459307|87.842285|0
46|87.459307|87.842285|0
58|87.884838|88.267816|0
55|87.884838|88.267816|0
51|87.884838|88.267816|0
46|87.884838|88.267816|0
39|88.310369|88.501858|0
37|88.523134|88.714623|0
61|88.735900|89.118878|0
56|88.735900|89.118878|0
53|88.735900|89.118878|0
49|88.735900|89.118878|0
61|89.161431|89.544409|0
56|89.161431|89.544409|0
53|89.161431|89.544409|0
49|89.161431|89.544409|0
61|89.586962|89.969940|0
56|89.586962|89.969940|0
53|89.586962|89.969940|0
49|89.586962|89.969940|0
37|90.012493|90.203982|0
37|90.225258|90.416747|0
61|90.438024|90.821002|0
56|90.438024|90.821002|0
53|90.438024|90.821002|0
49|90.438024|90.821002|0
61|90.863555|91.246533|0
56|90.863555|91.246533|0
53|90.863555|91.246533|0
49|90.863555|91.246533|0
61|91.289086|91.672064|0
56|91.289086|91.672064|0
53|91.289086|91.672064|0
49|91.289086|91.672064|0
37|91.714617|91.906106|0
39|91.927382|92.118871|0
58|92.140148|92.523126|0
55|92.140148|92.523126|0
51|92.140148|92.523126|0
46|92.140148|92.523126|0
58|92.565679|92.948657|0
55|92.565679|92.948657|0
51|92.565679|92.948657|0
46|92.565679|92.948657|0
51|92.991210|93.182699|0
39|93.203975|93.395464|0
51|93.416741|93.608230|0
27|93.629506|93.820995|0
58|93.842272|94.225250|0
55|93.842272|94.225250|0
51|93.842272|94.225250|0
46|93.842272|94.225250|0
58|94.267803|94.650781|0
55|94.267803|94.650781|0
51|94.267803|94.650781|0
46|94.267803|94.650781|0
58|94.693334|94.884823|0
55|94.693334|94.884823|0
51|94.693334|94.884823|0
46|94.693334|94.884823|0
39|94.906099|95.097588|0
39|95.118865|95.310354|0
36|95.331630|95.523119|0
65|95.544396|95.927374|0
61|95.544396|95.927374|0
56|95.544396|95.927374|0
49|95.544396|95.927374|0
65|95.969927|96.161416|0
61|95.969927|96.161416|0
56|95.969927|96.161416|0
49|95.969927|96.161416|0
36|96.182692|96.374181|0
65|96.395458|96.778436|0
61|96.395458|96.778436|0
56|96.395458|96.778436|0
49|96.395458|96.778436|0
36|96.820989|97.012478|0
37|97.033754|97.225243|0
61|97.246520|97.629498|0
56|97.246520|97.629498|0
53|97.246520|97.629498|0
49|97.246520|97.629498|0
61|97.672051|98.055029|0
56|97.672051|98.055029|0
53|97.672051|98.055029|0
49|97.672051|98.055029|0
37|98.097582|98.289071|0
61|98.310347|98.693325|0
56|98.310347|98.693325|0
53|98.310347|98.693325|0
49|98.310347|98.693325|0
39|98.735878|98.927367|0
63|98.948644|99.331622|0
58|98.948644|99.331622|0
55|98.948644|99.331622|0
51|98.948644|99.331622|0
63|99.374175|99.565664|0
58|99.374175|99.565664|0
55|99.374175|99.565664|0
51|99.374175|99.565664|0
39|99.586940|99.778429|0
63|99.799706|99.991195|0
58|99.799706|99.991195|0
55|99.799706|99.991195|0
51|99.799706|99.991195|0
39|100.012471|100.395449|0
39|100.438002|100.820980|0
65|100.863533|101.055022|0
61|100.863533|101.055022|0
56|100.863533|101.055022|0
53|100.863533|101.055022|0
67|101.076299|101.267788|0
65|101.289064|101.480553|0
61|101.289064|101.480553|0
56|101.289064|101.480553|0
53|101.289064|101.480553|0
67|101.501830|101.693319|0
63|101.714595|101.906084|0
61|101.714595|101.906084|0
56|101.714595|101.906084|0
53|101.714595|101.906084|0
46|101.927361|102.118850|0
65|102.140126|102.331615|0
61|102.140126|102.331615|0
56|102.140126|102.331615|0
53|102.140126|102.331615|0
39|102.352892|102.544381|0
65|102.565657|102.757146|0
61|102.565657|102.757146|0
56|102.565657|102.757146|0
53|102.565657|102.757146|0
39|102.778423|102.969912|0
65|102.991188|103.182677|0
61|102.991188|103.182677|0
56|102.991188|103.182677|0
53|102.991188|103.182677|0
65|103.203954|103.395443|0
61|103.203954|103.395443|0
56|103.203954|103.395443|0
53|103.203954|103.395443|0
65|103.416719|103.608208|0
61|103.416719|103.608208|0
56|103.416719|103.608208|0
53|103.416719|103.608208|0
65|103.629485|103.820974|0
61|103.629485|103.820974|0
56|103.629485|103.820974|0
53|103.629485|103.820974|0
39|103.842250|104.033739|0
65|104.055016|104.246505|0
61|104.055016|104.246505|0
56|104.055016|104.246505|0
53|104.055016|104.246505|0
65|104.267781|104.459270|0
61|104.267781|104.459270|0
56|104.267781|104.459270|0
53|104.267781|104.459270|0
39|104.480547|104.672036|0
65|104.693312|104.884801|0
61|104.693312|104.884801|0
56|104.693312|104.884801|0
53|104.693312|104.884801|0
65|104.906078|105.097567|0
61|104.906078|105.097567|0
56|104.906078|105.097567|0
53|104.906078|105.097567|0
65|105.118843|105.310332|0
61|105.118843|105.310332|0
56|105.118843|105.310332|0
53|105.118843|105.310332|0
39|105.331609|105.523098|0
39|105.544374|105.735863|0
27|105.757140|105.948629|0
34|105.757140|105.948629|0
39|105.757140|105.948629|0
51|105.969905|106.161394|0
46|106.182671|106.374160|0
39|106.395436|106.778414|0
39|106.820967|107.012456|0
39|107.033733|107.225222|0
27|107.246498|107.437987|0
34|107.246498|107.437987|0
39|107.246498|107.437987|0
46|107.459264|107.650753|0
51|107.672029|107.863518|0
46|107.884795|108.289049|0
51|108.310326|108.501815|0
58|108.523091|108.714580|0
46|108.735857|108.927346|0
25|108.948622|109.140111|0
32|108.948622|109.140111|0
37|108.948622|109.140111|0
37|109.161388|109.544366|0
53|109.586919|109.778408|0
49|109.799684|110.182662|0
37|110.225215|110.416704|0
37|110.437981|110.629470|0
25|110.650746|110.842235|0
44|110.863512|111.055001|0
53|111.076277|111.267766|0
44|111.289043|111.480532|0
37|111.501808|111.693297|0
25|111.714574|111.906063|0
37|111.927339|112.310317|0
27|112.352870|112.544359|0
34|112.352870|112.544359|0
39|112.352870|112.544359|0
39|112.565636|112.757125|0
51|112.778401|112.969890|0
46|112.991167|113.395421|0
39|113.416698|113.799676|0
39|113.842229|114.033718|0
39|114.054994|114.246483|0
27|114.267760|114.459249|0
51|114.480525|114.672014|0
53|114.693291|114.884780|0
46|114.906056|115.097545|0
39|115.118822|115.310311|0
39|115.331587|115.523076|0
27|115.544353|115.735842|0
25|115.757118|115.948607|0
32|115.757118|115.948607|0
37|115.757118|115.948607|0
44|115.969884|116.161373|0
49|116.182649|116.374138|0
53|116.182649|116.374138|0
56|116.182649|116.374138|0
61|116.182649|116.374138|0
65|116.182649|116.374138|0
44|116.395415|116.586904|0
65|116.608180|116.799669|0
61|116.608180|116.799669|0
56|116.608180|116.799669|0
53|116.608180|116.799669|0
49|116.608180|116.799669|0
44|116.820946|117.012435|0
65|117.033711|117.225200|0
61|117.033711|117.225200|0
56|117.033711|117.225200|0
53|117.033711|117.225200|0
49|117.033711|117.225200|0
44|117.246477|117.437966|0
65|117.459242|117.650731|0
61|117.459242|117.650731|0
56|117.459242|117.650731|0
53|117.459242|117.650731|0
49|117.459242|117.650731|0
49|117.672008|117.863497|0
65|117.884773|118.076262|0
61|117.884773|118.076262|0
56|117.884773|118.076262|0
53|117.884773|118.076262|0
49|117.884773|118.076262|0
55|118.097539|118.289028|0
65|118.310304|118.501793|0
61|118.310304|118.501793|0
56|118.310304|118.501793|0
53|118.310304|118.501793|0
49|118.310304|118.501793|0
65|118.523070|118.714559|0
61|118.523070|118.714559|0
56|118.523070|118.714559|0
53|118.523070|118.714559|0
49|118.523070|118.714559|0
65|118.735835|118.927324|0
61|118.735835|118.927324|0
56|118.735835|118.927324|0
53|118.735835|118.927324|0
49|118.735835|118.927324|0
65|118.948601|119.140090|0
61|118.948601|119.140090|0
56|118.948601|119.140090|0
53|118.948601|119.140090|0
49|118.948601|119.140090|0
44|119.161366|119.352855|0
65|119.374132|119.565621|0
61|119.374132|119.565621|0
56|119.374132|119.565621|0
53|119.374132|119.565621|0
49|119.374132|119.565621|0
65|119.586897|119.778386|0
61|119.586897|119.778386|0
56|119.586897|119.778386|0
53|119.586897|119.778386|0
49|119.586897|119.778386|0
65|119.799663|119.991152|0
61|119.799663|119.991152|0
56|119.799663|119.991152|0
53|119.799663|119.991152|0
49|119.799663|119.991152|0
65|120.012428|120.778384|0
61|120.012428|120.778384|0
56|120.012428|120.778384|0
53|120.012428|120.778384|0
49|120.012428|120.778384|0
56|120.863490|121.054979|0
51|120.863490|121.054979|0
44|120.863490|121.054979|0
44|121.076256|121.267745|0
56|121.289021|121.480510|0
51|121.289021|121.480510|0
44|121.289021|121.480510|0
44|121.501787|121.693276|0
56|121.714552|121.906041|0
51|121.714552|121.906041|0
44|121.714552|121.906041|0
44|121.927318|122.118807|0
56|122.140083|122.331572|0
51|122.140083|122.331572|0
44|122.140083|122.331572|0
44|122.352849|122.544338|0
39|122.565614|122.757103|0
46|122.565614|122.757103|0
51|122.565614|122.757103|0
39|122.778380|122.969869|0
39|122.991145|123.182634|0
46|122.991145|123.182634|0
51|122.991145|123.182634|0
39|123.203911|123.395400|0
39|123.416676|123.608165|0
46|123.416676|123.608165|0
51|123.416676|123.608165|0
39|123.629442|123.820931|0
39|123.842207|124.033696|0
46|123.842207|124.033696|0
51|123.842207|124.033696|0
39|124.054973|124.246462|0
41|124.267738|124.459227|0
48|124.267738|124.459227|0
53|124.267738|124.459227|0
41|124.480504|124.671993|0
41|124.693269|124.884758|0
48|124.693269|124.884758|0
53|124.693269|124.884758|0
41|124.906035|125.097524|0
41|125.118800|125.310289|0
48|125.118800|125.310289|0
53|125.118800|125.310289|0
41|125.331566|125.523055|0
41|125.544331|125.735820|0
48|125.544331|125.735820|0
53|125.544331|125.735820|0
41|125.757097|125.948586|0
37|125.969862|126.161351|0
44|125.969862|126.161351|0
49|125.969862|126.161351|0
37|126.182628|126.374117|0
37|126.395393|126.586882|0
44|126.395393|126.586882|0
49|126.395393|126.586882|0
37|126.608159|126.799648|0
37|126.820924|127.012413|0
44|126.820924|127.012413|0
49|126.820924|127.012413|0
37|127.033690|127.225179|0
37|127.246455|127.437944|0
44|127.246455|127.437944|0
49|127.246455|127.437944|0
37|127.459221|127.650710|0
56|127.671986|127.863475|0
51|127.671986|127.863475|0
44|127.671986|127.863475|0
44|127.884752|128.076241|0
56|128.097517|128.289006|0
51|128.097517|128.289006|0
44|128.097517|128.289006|0
44|128.310283|128.501772|0
56|128.523048|128.714537|0
51|128.523048|128.714537|0
44|128.523048|128.714537|0
44|128.735814|128.927303|0
56|128.948579|129.140068|0
51|128.948579|129.140068|0
44|128.948579|129.140068|0
44|129.161345|129.352834|0
39|129.374110|129.565599|0
46|129.374110|129.565599|0
51|129.374110|129.565599|0
39|129.586876|129.778365|0
39|129.799641|129.991130|0
46|129.799641|129.991130|0
51|129.799641|129.991130|0
39|130.012407|130.203896|0
39|130.225172|130.416661|0
46|130.225172|130.416661|0
51|130.225172|130.416661|0
39|130.437938|130.629427|0
39|130.650703|130.842192|0
46|130.650703|130.842192|0
51|130.650703|130.842192|0
39|130.863469|131.054958|0
41|131.076234|131.267723|0
48|131.076234|131.267723|0
53|131.076234|131.267723|0
41|131.289000|131.480489|0
41|131.501765|131.693254|0
48|131.501765|131.693254|0
53|131.501765|131.693254|0
41|131.714531|131.906020|0
41|131.927296|132.118785|0
48|131.927296|132.118785|0
53|131.927296|132.118785|0
41|132.140062|132.331551|0
41|132.352827|132.544316|0
48|132.352827|132.544316|0
53|132.352827|132.544316|0
41|132.565593|132.757082|0
37|132.778358|132.969847|0
44|132.778358|132.969847|0
49|132.778358|132.969847|0
37|132.991124|133.182613|0
37|133.203889|133.395378|0
44|133.203889|133.395378|0
49|133.203889|133.395378|0
37|133.416655|133.608144|0
37|133.629420|133.820909|0
44|133.629420|133.820909|0
49|133.629420|133.820909|0
37|133.842186|134.033675|0
37|134.054951|134.246440|0
44|134.054951|134.246440|0
49|134.054951|134.246440|0
37|134.267717|134.459206|0
32|134.480482|134.863460|0
39|134.480482|134.863460|0
44|134.480482|134.863460|0
44|134.906013|135.097502|0
32|135.118779|135.523033|0
32|135.544310|135.735799|0
44|135.757075|135.948564|0
32|135.969841|136.161330|0
39|136.182606|136.374095|0
34|136.395372|136.586861|0
39|136.608137|136.799626|0
34|136.820903|137.012392|0
39|137.033668|137.225157|0
34|137.246434|137.437923|0
39|137.459199|137.650688|0
34|137.671965|137.863454|0
29|137.884730|138.267708|0
36|137.884730|138.267708|0
41|137.884730|138.267708|0
41|138.310261|138.501750|0
29|138.523027|138.927281|0
29|138.948558|139.140047|0
41|139.161323|139.352812|0
29|139.374089|139.565578|0
37|139.586854|139.778343|0
32|139.799620|139.991109|0
37|140.012385|140.203874|0
32|140.225151|140.416640|0
37|140.437916|140.629405|0
32|140.650682|140.842171|0
37|140.863447|141.054936|0
32|141.076213|141.267702|0
36|141.288978|141.671956|0
43|141.288978|141.671956|0
48|141.288978|141.671956|0
48|141.714509|141.905998|0
36|141.927275|142.331529|0
36|142.352806|142.544295|0
47|142.565571|142.757060|0
35|142.778337|142.969826|0
47|142.991102|143.182591|0
40|143.203868|143.395357|0
40|143.416633|143.608122|0
35|143.629399|143.820888|0
35|143.842164|144.033653|0
23|144.054930|144.246419|0
35|144.267695|144.459184|0
23|144.480461|144.671950|0
25|144.640035|146.171947|0
32|144.666631|146.198542|0
41|144.693226|146.225138|0
37|148.097474|148.288963|0
44|148.097474|148.288963|0
49|148.097474|148.288963|0
42|148.310240|148.501729|0
49|148.310240|148.501729|0
54|148.310240|148.501729|0
44|148.523005|148.714494|0
51|148.523005|148.714494|0
56|148.523005|148.714494|0
42|148.735771|148.927260|0
49|148.735771|148.927260|0
54|148.735771|148.927260|0
59|148.948536|149.140025|0
54|148.948536|149.140025|0
47|148.948536|149.140025|0
58|149.161302|149.352791|0
53|149.161302|149.352791|0
46|149.161302|149.352791|0
56|149.374067|149.565556|0
51|149.374067|149.565556|0
44|149.374067|149.565556|0
54|149.586833|149.778322|0
49|149.586833|149.778322|0
42|149.586833|149.778322|0
41|149.799598|149.991087|0
48|149.799598|149.991087|0
53|149.799598|149.991087|0
42|150.012364|150.203853|0
49|150.012364|150.203853|0
54|150.012364|150.203853|0
44|150.225129|150.416618|0
51|150.225129|150.416618|0
56|150.225129|150.416618|0
41|150.437895|150.629384|0
47|150.437895|150.629384|0
53|150.437895|150.629384|0
42|150.650660|150.842149|0
49|150.650660|150.842149|0
54|150.650660|150.842149|0
44|150.863426|151.054915|0
51|150.863426|151.054915|0
56|150.863426|151.054915|0
35|151.076191|151.267680|0
42|151.076191|151.267680|0
47|151.076191|151.267680|0
36|151.288957|151.480446|0
43|151.288957|151.480446|0
48|151.288957|151.480446|0
37|151.501722|151.693211|0
44|151.501722|151.693211|0
49|151.501722|151.693211|0
37|151.714488|151.905977|0
37|151.927253|152.118742|0
44|151.927253|152.118742|0
49|151.927253|152.118742|0
37|152.140019|152.331508|0
37|152.352784|152.544273|0
44|152.352784|152.544273|0
49|152.352784|152.544273|0
37|152.565550|152.757039|0
37|152.778315|152.969804|0
44|152.778315|152.969804|0
49|152.778315|152.969804|0
37|152.991081|153.182570|0
37|153.203846|153.395335|0
44|153.203846|153.395335|0
49|153.203846|153.395335|0
37|153.416612|153.608101|0
37|153.629377|153.820866|0
44|153.629377|153.820866|0
49|153.629377|153.820866|0
37|153.842143|154.033632|0
37|154.054908|154.246397|0
44|154.054908|154.246397|0
49|154.054908|154.246397|0
37|154.267674|154.459163|0
37|154.480439|154.671928|0
44|154.480439|154.671928|0
49|154.480439|154.671928|0
37|154.693205|154.884694|0
37|154.905970|155.097459|0
44|154.905970|155.097459|0
49|154.905970|155.097459|0
37|155.118736|155.310225|0
37|155.331501|155.522990|0
44|155.331501|155.522990|0
49|155.331501|155.522990|0
37|155.544267|155.735756|0
37|155.757032|155.948521|0
44|155.757032|155.948521|0
49|155.757032|155.948521|0
37|155.969798|156.161287|0
37|156.182563|156.374052|0
44|156.182563|156.374052|0
49|156.182563|156.374052|0
37|156.395329|156.586818|0
36|156.608094|156.799583|0
48|156.608094|156.799583|0
37|156.820860|157.012349|0
37|157.033625|157.225114|0
49|157.033625|157.225114|0
37|157.246391|157.437880|0
39|157.459156|157.650645|0
46|157.459156|157.650645|0
51|157.459156|157.650645|0
37|157.671922|157.863411|0
44|157.671922|157.863411|0
49|157.671922|157.863411|0
37|157.884687|158.076176|0
44|157.884687|158.076176|0
49|157.884687|158.076176|0
37|158.097453|158.288942|0
44|158.097453|158.288942|0
49|158.097453|158.288942|0
37|158.310218|158.501707|0
44|158.310218|158.501707|0
49|158.310218|158.501707|0
37|158.522984|158.714473|0
37|158.735749|158.927238|0
44|158.735749|158.927238|0
49|158.735749|158.927238|0
37|158.948515|159.140004|0
37|159.161280|159.352769|0
44|159.161280|159.352769|0
49|159.161280|159.352769|0
37|159.374046|159.565535|0
37|159.586811|159.778300|0
44|159.586811|159.778300|0
49|159.586811|159.778300|0
37|159.799577|159.991066|0
37|160.012342|160.203831|0
44|160.012342|160.203831|0
49|160.012342|160.203831|0
37|160.225108|160.416597|0
37|160.437873|160.629362|0
44|160.437873|160.629362|0
49|160.437873|160.629362|0
37|160.650639|160.842128|0
37|160.863404|161.054893|0
44|160.863404|161.054893|0
49|160.863404|161.054893|0
37|161.076170|161.267659|0
37|161.288935|161.480424|0
44|161.288935|161.480424|0
49|161.288935|161.480424|0
37|161.501701|161.693190|0
37|161.714466|161.905955|0
44|161.714466|161.905955|0
49|161.714466|161.905955|0
37|161.927232|162.118721|0
37|162.139997|162.331486|0
44|162.139997|162.331486|0
49|162.139997|162.331486|0
37|162.352763|162.544252|0
37|162.565528|162.757017|0
44|162.565528|162.757017|0
49|162.565528|162.757017|0
37|162.778294|162.969783|0
37|162.991059|163.182548|0
44|162.991059|163.182548|0
49|162.991059|163.182548|0
37|163.203825|163.395314|0
37|163.416590|163.608079|0
44|163.416590|163.608079|0
49|163.416590|163.608079|0
37|163.629356|163.820845|0
37|163.842121|164.033610|0
44|163.842121|164.033610|0
49|163.842121|164.033610|0
37|164.054887|164.246376|0
37|164.267652|164.459141|0
44|164.267652|164.459141|0
49|164.267652|164.459141|0
37|164.480418|164.671907|0
44|164.480418|164.671907|0
49|164.480418|164.671907|0
37|164.693183|164.884672|0
44|164.693183|164.884672|0
49|164.693183|164.884672|0
38|164.905949|165.097438|0
45|164.905949|165.097438|0
50|164.905949|165.097438|0
39|165.118714|165.310203|0
46|165.118714|165.310203|0
51|165.118714|165.310203|0
39|165.331480|165.522969|0
39|165.544245|165.735734|0
46|165.544245|165.735734|0
51|165.544245|165.735734|0
39|165.757011|165.948500|0
39|165.969776|166.161265|0
46|165.969776|166.161265|0
51|165.969776|166.161265|0
39|166.182542|166.374031|0
39|166.395307|166.586796|0
46|166.395307|166.586796|0
51|166.395307|166.586796|0
39|166.608073|166.799562|0
39|166.820838|167.012327|0
46|166.820838|167.012327|0
51|166.820838|167.012327|0
39|167.033604|167.225093|0
39|167.246369|167.437858|0
46|167.246369|167.437858|0
51|167.246369|167.437858|0
39|167.459135|167.650624|0
39|167.671900|167.863389|0
46|167.671900|167.863389|0
51|167.671900|167.863389|0
39|167.884666|168.076155|0
39|168.097431|168.288920|0
46|168.097431|168.288920|0
51|168.097431|168.288920|0
39|168.310197|168.501686|0
39|168.522962|168.714451|0
46|168.522962|168.714451|0
51|168.522962|168.714451|0
39|168.735728|168.927217|0
39|168.948493|169.139982|0
46|168.948493|169.139982|0
51|168.948493|169.139982|0
39|169.161259|169.352748|0
39|169.374024|169.565513|0
46|169.374024|169.565513|0
51|169.374024|169.565513|0
39|169.586790|169.778279|0
39|169.799555|169.991044|0
46|169.799555|169.991044|0
51|169.799555|169.991044|0
39|170.012321|170.203810|0
38|170.225086|170.416575|0
45|170.225086|170.416575|0
50|170.225086|170.416575|0
39|170.437852|170.629341|0
39|170.650617|170.842106|0
51|170.650617|170.842106|0
39|170.863383|171.054872|0
41|171.076148|171.267637|0
53|171.076148|171.267637|0
39|171.288914|171.480403|0
43|171.501679|171.693168|0
55|171.501679|171.693168|0
39|171.714445|171.905934|0
36|171.927210|173.459122|0
43|171.927210|173.459122|0
48|171.927210|173.459122|0
56|173.629334|175.161246|0
48|173.629334|175.161246|0
58|175.331458|176.863370|0
51|175.331458|176.863370|0
61|177.033582|177.225071|0
56|177.033582|177.225071|0
53|177.033582|177.225071|0
49|177.033582|177.225071|0
44|177.246348|177.437837|0
61|177.459113|177.650602|0
56|177.459113|177.650602|0
53|177.459113|177.650602|0
49|177.459113|177.650602|0
44|177.671879|177.863368|0
61|177.884644|178.076133|0
56|177.884644|178.076133|0
53|177.884644|178.076133|0
49|177.884644|178.076133|0
44|178.097410|178.288899|0
61|178.310175|178.501664|0
56|178.310175|178.501664|0
53|178.310175|178.501664|0
49|178.310175|178.501664|0
44|178.522941|178.714430|0
61|178.735706|178.927195|0
56|178.735706|178.927195|0
53|178.735706|178.927195|0
49|178.735706|178.927195|0
61|178.948472|179.139961|0
56|178.948472|179.139961|0
53|178.948472|179.139961|0
49|178.948472|179.139961|0
61|179.161237|179.352726|0
56|179.161237|179.352726|0
53|179.161237|179.352726|0
49|179.161237|179.352726|0
61|179.374003|179.778257|0
56|179.374003|179.778257|0
53|179.374003|179.778257|0
49|179.374003|179.778257|0
61|179.799534|179.991023|0
56|179.799534|179.991023|0
53|179.799534|179.991023|0
49|179.799534|179.991023|0
61|180.012299|180.203788|0
56|180.012299|180.203788|0
53|180.012299|180.203788|0
49|180.012299|180.203788|0
61|180.225065|180.416554|0
56|180.225065|180.416554|0
53|180.225065|180.416554|0
49|180.225065|180.416554|0
56|180.437830|180.629319|0
51|180.437830|180.629319|0
44|180.437830|180.629319|0
44|180.650596|180.842085|0
56|180.863361|181.054850|0
51|180.863361|181.054850|0
44|180.863361|181.054850|0
44|181.076127|181.267616|0
56|181.288892|181.480381|0
51|181.288892|181.480381|0
44|181.288892|181.480381|0
44|181.501658|181.693147|0
56|181.714423|181.905912|0
51|181.714423|181.905912|0
44|181.714423|181.905912|0
44|181.927189|182.118678|0
39|182.139954|182.331443|0
46|182.139954|182.331443|0
51|182.139954|182.331443|0
39|182.352720|182.544209|0
39|182.565485|182.756974|0
46|182.565485|182.756974|0
51|182.565485|182.756974|0
39|182.778251|182.969740|0
39|182.991016|183.182505|0
46|182.991016|183.182505|0
51|182.991016|183.182505|0
39|183.203782|183.395271|0
39|183.416547|183.608036|0
46|183.416547|183.608036|0
51|183.416547|183.608036|0
39|183.629313|183.820802|0
41|183.842078|184.033567|0
48|183.842078|184.033567|0
53|183.842078|184.033567|0
41|184.054844|184.246333|0
41|184.267609|184.459098|0
48|184.267609|184.459098|0
53|184.267609|184.459098|0
41|184.480375|184.671864|0
41|184.693140|184.884629|0
48|184.693140|184.884629|0
53|184.693140|184.884629|0
41|184.905906|185.097395|0
41|185.118671|185.310160|0
48|185.118671|185.310160|0
53|185.118671|185.310160|0
41|185.331437|185.522926|0
37|185.544202|185.735691|0
44|185.544202|185.735691|0
49|185.544202|185.735691|0
37|185.756968|185.948457|0
37|185.969733|186.161222|0
44|185.969733|186.161222|0
49|185.969733|186.161222|0
37|186.182499|186.373988|0
37|186.395264|186.586753|0
44|186.395264|186.586753|0
49|186.395264|186.586753|0
37|186.608030|186.799519|0
37|186.820795|187.012284|0
44|186.820795|187.012284|0
49|186.820795|187.012284|0
37|187.033561|187.225050|0
56|187.246326|187.437815|0
51|187.246326|187.437815|0
44|187.246326|187.437815|0
44|187.459092|187.650581|0
56|187.671857|187.863346|0
51|187.671857|187.863346|0
44|187.671857|187.863346|0
44|187.884623|188.076112|0
56|188.097388|188.288877|0
51|188.097388|188.288877|0
44|188.097388|188.288877|0
44|188.310154|188.501643|0
56|188.522919|188.714408|0
51|188.522919|188.714408|0
44|188.522919|188.714408|0
44|188.735685|188.927174|0
39|188.948450|189.139939|0
46|188.948450|189.139939|0
51|188.948450|189.139939|0
39|189.161216|189.352705|0
39|189.373981|189.565470|0
46|189.373981|189.565470|0
51|189.373981|189.565470|0
39|189.586747|189.778236|0
39|189.799512|189.991001|0
46|189.799512|189.991001|0
51|189.799512|189.991001|0
39|190.012278|190.203767|0
39|190.225043|190.416532|0
46|190.225043|190.416532|0
51|190.225043|190.416532|0
39|190.437809|190.629298|0
41|190.650574|190.842063|0
48|190.650574|190.842063|0
53|190.650574|190.842063|0
41|190.863340|191.054829|0
41|191.076105|191.267594|0
48|191.076105|191.267594|0
53|191.076105|191.267594|0
41|191.288871|191.480360|0
41|191.501636|191.693125|0
48|191.501636|191.693125|0
53|191.501636|191.693125|0
41|191.714402|191.905891|0
41|191.927167|192.118656|0
48|191.927167|192.118656|0
53|191.927167|192.118656|0
41|192.139933|192.331422|0
37|192.352698|192.544187|0
44|192.352698|192.544187|0
49|192.352698|192.544187|0
37|192.565464|192.756953|0
37|192.778229|192.969718|0
44|192.778229|192.969718|0
49|192.778229|192.969718|0
37|192.990995|193.182484|0
37|193.203760|193.395249|0
44|193.203760|193.395249|0
49|193.203760|193.395249|0
37|193.416526|193.608015|0
37|193.629291|193.820780|0
44|193.629291|193.820780|0
49|193.629291|193.820780|0
37|193.842057|194.033546|0
32|194.054822|194.246311|0
39|194.054822|194.246311|0
44|194.054822|194.246311|0
32|194.267588|194.459077|0
44|194.480353|194.671842|0
32|194.693119|195.097373|0
32|195.118650|195.310139|0
44|195.331415|195.522904|0
32|195.544181|195.735670|0
39|195.756946|195.948435|0
34|195.969712|196.161201|0
39|196.182477|196.373966|0
34|196.395243|196.586732|0
39|196.608008|196.799497|0
34|196.820774|197.012263|0
39|197.033539|197.225028|0
34|197.246305|197.437794|0
29|197.459070|197.650559|0
36|197.459070|197.650559|0
41|197.459070|197.650559|0
29|197.671836|197.863325|0
41|197.884601|198.076090|0
29|198.097367|198.501621|0
29|198.522898|198.714387|0
41|198.735663|198.927152|0
29|198.948429|199.139918|0
37|199.161194|199.352683|0
32|199.373960|199.565449|0
37|199.586725|199.778214|0
32|199.799491|199.990980|0
37|200.012256|200.203745|0
32|200.225022|200.416511|0
37|200.437787|200.629276|0
32|200.650553|200.842042|0
36|200.863318|201.246296|0
43|200.863318|201.246296|0
48|200.863318|201.246296|0
48|201.288849|201.480338|0
36|201.501615|201.905869|0
36|201.927146|202.118635|0
48|202.139911|202.331400|0
36|202.352677|202.544166|0
35|202.565442|202.756931|0
42|202.565442|202.756931|0
47|202.565442|202.756931|0
35|202.778208|202.969697|0
35|202.990973|203.182462|0
42|202.990973|203.182462|0
47|202.990973|203.182462|0
35|203.203739|203.395228|0
35|203.416504|203.607993|0
42|203.416504|203.607993|0
47|203.416504|203.607993|0
35|203.629270|203.820759|0
42|203.629270|203.820759|0
47|203.629270|203.820759|0
35|203.842035|204.033524|0
42|203.842035|204.033524|0
47|203.842035|204.033524|0
36|204.054801|204.246290|0
43|204.054801|204.246290|0
48|204.054801|204.246290|0
37|204.267566|205.799478|0
44|204.267566|205.799478|0
49|204.267566|205.799478|0