65|2.647056|3.044114|2
67|3.088232|3.48529|1
69|3.529408|4.323525|2
69|4.41176|4.808818|1
72|4.852936|5.249994|3
74|5.294112|6.088229|4
74|6.176464|6.5735220000000005|1
81|6.61764|7.014697999999999|3
79|7.058816|7.455874000000001|2
77|7.499992|7.89705|1
77|7.941167999999999|8.338225999999999|4
74|8.382344|8.779402000000001|2
72|8.82352|10.411754|1
74|10.588224|10.985282000000002|2
72|11.0294|11.426458|1
72|11.470576|11.867633999999999|3
69|11.911752|12.308810000000001|2
67|12.352928|12.749986|1
65|12.794103999999999|13.191162|3
62|13.23528|13.632338|1
65|13.676456|14.073514000000001|3
67|14.117632|16.499982|4
65|16.764688|17.161746|3
67|17.205864000000002|17.602922|1
69|17.64704|18.441157|2
69|18.529392|18.92645|1
72|18.970568|19.367626|3
74|19.411744|20.205861|4
74|20.294096|20.691154|1
81|20.735272|21.13233|3
79|21.176448|21.573506|2
77|21.617624|22.014682|1
77|22.0588|22.455858|3
79|22.499976|22.897033999999998|4
77|22.941152|24.529386|3
72|24.705856|25.499973|1
72|25.588207999999998|25.985266|2
69|26.029384|26.426441999999998|1
76|26.47056|26.867618|4
77|26.911735999999998|27.308794|5
65|27.352912|27.74997|1
67|27.794088000000002|28.191146000000003|2
69|28.235264|29.823497999999997|3
67|29.999968|31.191143|2
65|31.323496000000002|31.720553999999996|1
65|31.764671999999997|34.941139|1
69|38.823488|39.617605|2
69|39.70584|40.102897999999996|2
67|40.147016|40.544074|1
69|40.588192|41.382309|2
69|42.352896|42.749953999999995|1
72|42.794072|43.19113|3
69|43.235248|43.632306|2
67|43.676424|44.073482|1
69|44.1176|45.705834|3
65|45.882304|46.676421000000005|1
65|46.764656|47.161714|1
67|47.205832|47.60289|2
69|47.647008|48.044066|3
72|48.088184000000005|48.485242|4
69|48.52936|49.323477000000004|3
67|49.411712|50.205829|2
67|50.294064|50.691122|2
65|50.735240000000005|51.132298|1
67|51.176415999999996|51.970533|2
69|52.94112|53.735237|1
72|53.823471999999995|54.220530000000004|3
69|54.264648|54.661706|1
74|54.705824|55.102881999999994|4
72|55.147|56.338175|3
74|56.470528|56.867585999999996|4
72|56.911704|57.308762|3
72|57.352880000000006|57.749938|3
69|57.794056000000005|58.191114|1
72|58.235231999999996|59.426407|5
60|59.55876|59.95581800000001|1
69|59.999936|60.794053000000005|3
67|60.882288|61.279346|2
69|61.323464|61.720521999999995|3
72|61.76464|62.55875699999999|5
69|62.646992000000004|63.04405|4
67|63.088168|63.485226000000004|3
67|63.529343999999995|64.323461|3
67|64.41169599999999|64.80875400000001|3
65|64.85287199999999|65.24993|1
67|65.294048|66.088165|2
65|66.1764|66.573458|1
72|66.617576|67.014634|3
69|67.058752|67.852869|2
69|67.94110400000001|68.338162|2
67|68.38228000000001|68.779338|1
69|68.82345600000001|69.617573|2
69|70.58816|70.985218|1
72|71.029336|71.42639399999999|3
69|71.470512|71.86757|2
67|71.911688|72.308746|1
69|72.352864|73.941098|3
65|74.117568|74.91168499999999|1
65|74.99991999999999|75.396978|1
67|75.441096|75.838154|2
69|75.882272|76.27933|3
72|76.323448|76.720506|4
69|76.764624|77.558741|3
67|77.646976|78.44109300000001|2
67|78.529328|78.926386|2
65|78.970504|79.367562|1
67|79.41168|80.205797|2
69|81.176384|81.970501|1
72|82.058736|82.455794|3
69|82.499912|82.89697|1
74|82.941088|83.338146|4
72|83.382264|84.57343900000001|3
74|84.705792|85.10285|4
72|85.146968|85.544026|3
72|85.588144|85.985202|3
69|86.02932|86.426378|1
72|86.470496|88.05873000000001|3
69|88.2352|89.029317|2
67|89.117552|89.51461|1
69|89.558728|89.955786|2
72|89.999904|90.794021|4
69|90.88225600000001|91.279314|2
67|91.323432|91.72049|1
67|91.764608|92.161666|1
65|92.205784|94.588134|3
62|95.183722|95.977839|1
65|95.238869|96.032986|2
70|95.294016|96.088133|5
65|96.17636800000001|96.970485|1
70|96.17636800000001|96.970485|4
64|97.05872|97.852837|1
67|97.05872|97.852837|2
72|97.05872|97.852837|5
65|97.94107199999999|98.33813|2
67|98.382248|98.779306|1
69|98.823424|99.617541|2
69|99.705776|100.102834|1
72|100.146952|100.54401|3
74|100.588128|101.382245|4
74|101.47048000000001|101.867538|1
81|101.91165600000001|102.308714|3
79|102.35283199999999|102.74989000000001|2
77|102.79400799999999|103.191066|1
77|103.235184|103.632242|5
74|103.67636|104.073418|3
72|104.117536|105.70577|2
74|105.88224|106.279298|3
72|106.323416|106.720474|2
69|106.764592|107.16165|1
67|107.20576799999999|107.60282600000001|3
65|107.64694399999999|108.441061|2
62|108.529296|108.926354|1
65|108.970472|109.36753|3
67|109.411648|110.20576499999999|4
67|110.294|110.69105800000001|4
65|110.735176|111.13223400000001|3
67|111.17635200000001|111.970469|4
65|112.058704|112.45576200000001|3
67|112.49988|112.89693799999999|1
69|112.941056|113.735173|2
69|113.823408|114.22046599999999|1
72|114.26458400000001|114.66164199999999|3
74|114.70576000000001|115.499877|4
74|115.58811200000001|115.98517|1
81|116.029288|116.426346|3
79|116.47046399999999|116.867522|2
77|116.91163999999999|117.30869799999999|1
77|117.35281599999999|117.749874|3
79|117.79399199999999|118.19105|4
77|118.23516799999999|119.823402|3
72|119.999872|120.793989|1
72|120.882224|121.27928200000001|2
69|121.3234|121.72045800000001|1
76|121.764576|122.161634|4
77|122.205752|122.60281|5
65|122.646928|123.043986|1
67|123.088104|123.48516200000002|2
69|123.52928|125.11751399999999|4
67|125.29398400000001|126.882218|3
65|127.05868799999999|127.45574599999999|2
60|127.49986399999999|127.896922|1
65|127.94103999999999|128.338098|3
67|128.382216|128.779274|1
69|128.82339199999998|129.22045|2
72|129.264568|129.661626|4
74|129.70574399999998|130.102802|1
77|130.14692|130.543978|2
79|130.588096|131.779271|3
81|131.911624|132.308682|4
77|132.3528|133.146917|3
79|133.235152|134.514562|5
72|134.55868|134.955738|1
77|134.999856|135.39691399999998|2
79|135.441032|135.83809|3
81|135.88220800000002|136.27926599999998|4
84|136.323384|136.720442|5
79|136.76456000000002|137.161618|2
81|137.205736|137.602794|5
77|137.64691200000001|140.82337900000002|4
60|141.617496|142.014554|1
65|142.058672|142.45573000000002|3
67|142.499848|142.896906|1
69|142.941024|143.338082|2
72|143.3822|143.779258|4
74|143.823376|144.220434|1
77|144.264552|144.66161|2
79|144.705728|145.896903|3
81|146.029256|146.426314|4
77|146.47043200000002|147.264549|3
79|147.352784|148.632194|5
72|148.67631200000002|149.07336999999998|1
77|149.11748799999998|149.514546|2
79|149.558664|149.955722|3
81|149.99983999999998|150.396898|4
84|150.441016|150.838074|5
79|150.882192|151.27925|2
81|151.323368|151.720426|3
77|151.764544|153.352778|2
57|153.529248|153.926306|1
60|153.970424|154.367482|1
65|154.4116|154.808658|2
69|154.852776|155.24983400000002|4
77|155.293952|158.470419|5
72|155.293952|158.470419|2
