63|0.000000|0.350649|6
70|0.389610|0.740259|7
75|0.779220|1.480518|10
59|1.558440|1.909089|6
66|1.948050|2.298699|7
71|2.337660|3.038958|10
61|3.116880|3.467529|6
68|3.506490|3.857139|7
73|3.896100|4.597398|10
58|4.675320|5.025969|6
65|5.064930|5.415579|7
70|5.454540|6.155838|10
63|6.233760|6.584409|6
70|6.623370|6.974019|7
75|7.012980|7.714278|10
59|7.792200|8.142849|6
66|8.181810|8.532459|7
71|8.571420|9.272718|10
66|9.350640|9.701289|6
73|9.740250|10.090899|7
78|10.129860|10.831158|10
61|10.909080|11.259729|6
68|11.298690|11.649339|7
73|11.688300|12.389598|10
68|12.467520|12.818169|6
75|12.857130|13.207779|8
83|13.246740|13.948038|10
64|14.025960|14.376609|6
71|14.415570|14.766219|7
76|14.805180|15.506478|9
71|15.584400|15.935049|6
78|15.974010|16.324659|7
87|16.363620|17.064918|10
66|17.142840|17.493489|6
73|17.532450|17.883099|7
82|17.922060|18.623358|10
64|18.701280|19.753227|6
71|19.870110|20.220759|7
76|20.259720|21.662316|10
66|21.818160|22.168809|6
73|22.207770|22.558419|7
78|22.597380|24.701274|10
51|24.935040|25.285689|6
51|24.935040|25.285689|6
58|25.324650|25.675299|7
63|25.714260|26.415558|10
47|26.493480|26.844129|6
47|26.493480|26.844129|6
54|26.883090|27.233739|7
59|27.272700|27.973998|10
49|28.051920|28.402569|6
49|28.051920|28.402569|6
56|28.441530|28.792179|7
61|28.831140|29.532438|10
46|29.610360|29.961009|6
46|29.610360|29.961009|6
53|29.999970|30.350619|7
58|30.389580|31.090878|10
51|31.168800|31.519449|7
51|31.168800|31.519449|6
58|31.558410|31.909059|7
63|31.948020|32.649318|10
47|32.727240|33.077889|6
47|32.727240|33.077889|6
54|33.116850|33.467499|7
59|33.506460|34.207758|10
54|34.285680|34.636329|6
61|34.675290|35.025939|10
42|34.285680|35.688276|6
66|35.064900|35.766198|9
49|35.844120|36.194769|6
49|35.844120|36.194769|6
56|36.233730|36.584379|7
61|36.623340|37.324638|10
56|37.402560|37.753209|6
63|37.792170|38.142819|10
44|37.402560|38.805156|6
71|38.181780|38.883078|10
52|38.961000|39.311649|6
52|38.961000|39.311649|6
59|39.350610|39.701259|7
64|39.740220|40.441518|9
59|40.519440|40.870089|6
66|40.909050|41.259699|8
47|40.519440|41.922036|6
75|41.298660|41.999958|10
54|42.077880|42.428529|6
61|42.467490|42.818139|10
42|42.077880|43.480476|6
70|42.857100|43.558398|10
52|43.636320|44.688267|6
59|44.805150|45.155799|9
44|43.636320|46.441512|6
64|45.194760|46.597356|10
49|46.753200|46.928525|8
42|46.753200|46.928525|6
54|46.753200|47.103849|10
49|46.948005|47.123330|8
42|46.948005|47.123330|6
49|47.142810|47.318134|10
42|47.142810|47.318134|6
61|47.142810|47.493459|10
49|47.337615|47.512940|8
42|47.337615|47.512940|6
49|47.532420|47.883069|10
42|47.532420|47.883069|6
49|47.922030|48.097355|10
42|47.922030|48.097355|6
49|48.116835|48.292160|10
42|48.116835|48.292160|6
49|48.311640|48.486964|10
42|48.311640|48.486964|6
49|48.506445|48.681770|10
42|48.506445|48.681770|6
49|48.701250|49.051899|10
42|48.701250|49.051899|6
66|47.532420|49.636314|10
49|49.090860|49.792158|8
42|49.090860|49.792158|6
51|49.870080|50.220729|7
51|49.870080|50.220729|6
58|50.259690|50.610339|7
63|50.649300|51.350598|10
47|51.428520|51.779169|6
47|51.428520|51.779169|6
54|51.818130|52.168779|7
59|52.207740|52.909038|10
49|52.986960|53.337609|6
49|52.986960|53.337609|6
56|53.376570|53.727219|7
61|53.766180|54.467478|10
46|54.545400|54.896049|6
46|54.545400|54.896049|6
53|54.935010|55.285659|7
58|55.324620|56.025918|10
51|56.103840|56.454489|7
51|56.103840|56.454489|6
58|56.493450|56.844099|7
63|56.883060|57.584358|10
47|57.662280|58.012929|6
47|57.662280|58.012929|6
54|58.051890|58.402539|7
59|58.441500|59.142798|10
54|59.220720|59.571369|6
61|59.610330|59.960979|10
42|59.220720|60.623316|6
66|59.999940|60.701238|9
49|60.779160|61.129809|6
49|60.779160|61.129809|6
56|61.168770|61.519419|7
61|61.558380|62.259678|10
56|62.337600|62.688249|6
63|62.727210|63.077859|10
44|62.337600|63.740196|6
71|63.116820|63.818118|10
52|63.896040|64.246689|6
52|63.896040|64.246689|6
59|64.285650|64.636299|7
64|64.675260|65.376558|9
59|65.454480|65.805129|6
66|65.844090|66.194739|8
47|65.454480|66.857076|6
75|66.233700|66.934998|10
54|67.012920|67.363569|6
61|67.402530|67.753179|10
42|67.012920|68.415516|6
70|67.792140|68.493438|10
52|68.571360|69.623307|6
59|69.740190|70.090839|9
44|68.571360|71.376552|6
64|70.129800|71.532396|10
54|71.688240|72.038889|6
61|72.077850|72.428499|10
49|71.688240|74.493432|6
66|72.467460|74.571354|10
51|74.805120|75.155769|6
51|74.805120|75.155769|6
51|75.194730|75.545379|6
51|75.584340|75.857067|6
58|74.805120|75.857067|10
51|75.973950|76.149275|7
51|75.973950|76.149275|6
58|75.973950|76.149275|10
51|76.168755|76.324599|6
58|76.168755|76.344080|10
47|76.363560|76.714209|6
47|76.363560|76.714209|6
47|76.753170|77.103819|6
47|77.142780|77.415507|6
54|76.363560|77.415507|8
47|77.532390|77.707715|6
47|77.532390|77.707715|6
54|77.532390|77.707715|8
47|77.727195|77.883039|6
54|77.727195|77.902519|8
49|77.922000|78.272649|6
49|77.922000|78.272649|6
49|78.311610|78.662259|6
49|78.701220|78.973947|6
54|77.922000|78.973947|9
49|79.090830|79.266154|6
49|79.090830|79.266154|6
54|79.090830|79.266154|10
49|79.285635|79.441479|7
54|79.285635|79.460960|10
46|79.480440|79.831089|6
46|79.480440|79.831089|6
46|79.870050|80.220699|6
46|80.259660|80.532387|6
53|79.480440|80.532387|10
46|80.649270|80.824595|7
46|80.649270|80.824595|6
53|80.649270|80.824595|10
46|80.844075|80.999919|6
53|80.844075|81.019400|8
51|81.038880|81.389529|7
51|81.038880|81.389529|6
51|81.428490|81.779139|6
51|81.818100|82.090827|6
58|81.038880|82.090827|10
51|82.207710|82.383035|7
51|82.207710|82.383035|6
58|82.207710|82.383035|10
51|82.402515|82.558359|6
58|82.402515|82.577839|10
47|82.597320|82.947969|6
47|82.597320|82.947969|6
47|82.986930|83.337579|6
47|83.376540|83.649267|6
54|82.597320|83.649267|8
47|83.766150|83.941474|6
47|83.766150|83.941474|6
54|83.766150|83.941474|8
47|83.960955|84.116799|6
54|83.960955|84.136280|10
42|84.155760|84.506409|6
42|84.155760|84.506409|6
42|84.545370|84.896019|6
42|84.934980|85.207707|7
47|84.155760|85.207707|10
42|85.324590|85.499915|7
42|85.324590|85.499915|7
47|85.324590|85.499915|10
42|85.519395|85.675239|7
47|85.519395|85.694720|8
49|85.714200|86.064849|9
49|85.714200|86.064849|9
49|86.103810|86.454459|9
44|85.714200|86.766147|6
49|86.493420|86.766147|10
44|86.883030|87.058355|6
49|86.883030|87.058355|9
49|86.883030|87.058355|9
49|87.077835|87.233679|9
44|87.077835|87.253159|6
44|87.272640|87.623289|6
44|87.272640|87.623289|6
44|87.662250|88.012899|6
44|88.051860|88.324587|6
51|87.272640|88.324587|10
44|88.441470|88.616794|7
44|88.441470|88.616794|6
51|88.441470|88.616794|10
44|88.636275|88.792119|6
51|88.636275|88.811599|7
52|88.831080|89.181729|8
52|88.831080|89.181729|8
52|89.220690|89.571339|8
47|88.831080|89.883027|7
52|89.610300|89.883027|10
47|89.999910|90.175235|7
52|89.999910|90.175235|9
52|89.999910|90.175235|8
52|90.194715|90.350559|8
47|90.194715|90.370040|7
47|90.389520|90.740169|7
47|90.389520|90.740169|7
47|90.779130|91.129779|7
47|91.168740|91.441467|6
54|90.389520|91.441467|8
47|91.558350|91.733675|6
47|91.558350|91.733675|6
54|91.558350|91.733675|8
47|91.753155|91.908999|6
54|91.753155|91.928480|10
42|91.947960|92.298609|6
42|91.947960|92.298609|6
42|92.337570|92.688219|6
42|92.727180|92.999907|6
49|91.947960|92.999907|10
42|93.116790|93.292114|6
42|93.116790|93.292114|6
49|93.116790|93.292114|10
42|93.311595|93.467439|6
49|93.311595|93.486919|8
40|93.506400|94.558347|6
47|93.506400|94.558347|10
40|94.675230|94.850555|8
47|94.675230|94.850555|10
40|94.870035|95.045360|8
47|94.870035|95.045360|10
40|95.064840|96.116787|6
47|95.064840|96.116787|9
44|93.506400|96.311592|8
40|96.233670|96.584319|6
47|96.233670|96.584319|9
46|96.623280|96.798604|7
51|96.623280|96.798604|10
46|96.818085|96.993409|7
51|96.818085|96.993409|10
46|97.012890|97.188215|7
51|97.012890|97.188215|10
46|97.207695|97.383020|7
51|97.207695|97.383020|10
46|97.402500|97.753149|7
51|97.402500|97.753149|10
46|97.792110|97.967434|7
51|97.792110|97.967434|10
46|97.986915|98.162239|7
51|97.986915|98.162239|10
46|98.181720|98.357045|7
51|98.181720|98.357045|10
46|98.376525|98.551850|7
51|98.376525|98.551850|10
46|98.571330|98.921979|7
51|98.571330|98.921979|10
46|98.960940|99.662238|7
51|98.960940|99.662238|10
44|99.740160|100.090809|7
44|99.740160|100.090809|6
44|100.129770|100.480419|6
44|100.519380|100.792107|6
51|99.740160|100.792107|10
44|100.908990|101.084315|7
44|100.908990|101.084315|6
51|100.908990|101.084315|10
44|101.103795|101.259639|6
51|101.103795|101.279120|10
40|101.298600|101.649249|6
40|101.298600|101.649249|8
40|101.688210|102.038859|8
40|102.077820|102.350547|8
47|101.298600|102.350547|10
40|102.467430|102.642754|8
40|102.467430|102.642754|8
47|102.467430|102.642754|10
40|102.662235|102.818079|8
47|102.662235|102.837559|10
42|102.857040|103.207689|7
42|103.246650|103.597299|7
47|102.857040|103.908987|9
54|102.857040|103.908987|10
42|103.636260|103.986909|6
47|104.025870|104.201194|8
54|104.025870|104.201194|10
42|104.025870|104.376519|6
47|104.220675|104.396000|8
54|104.220675|104.396000|10
51|104.415480|104.766129|6
51|104.415480|104.766129|6
51|104.805090|105.155739|6
51|105.194700|105.467427|6
58|104.415480|105.467427|10
51|105.584310|105.759635|7
51|105.584310|105.759635|6
58|105.584310|105.759635|10
51|105.779115|105.934959|6
58|105.779115|105.954440|10
44|105.973920|106.324569|6
44|105.973920|106.324569|6
44|106.363530|106.714179|6
44|106.753140|107.025867|6
51|105.973920|107.025867|10
44|107.142750|107.318075|7
44|107.142750|107.318075|6
51|107.142750|107.318075|10
44|107.337555|107.493399|6
51|107.337555|107.512879|10
40|107.532360|107.883009|6
40|107.532360|107.883009|8
40|107.921970|108.272619|8
40|108.311580|108.584307|8
47|107.532360|108.584307|10
40|108.701190|108.876514|8
40|108.701190|108.876514|8
47|108.701190|108.876514|10
40|108.895995|109.051839|6
47|108.895995|109.071320|7
47|109.090800|109.441449|7
47|109.090800|109.441449|7
47|109.480410|109.831059|7
47|109.870020|110.142747|6
54|109.090800|110.142747|8
47|110.259630|110.434955|6
47|110.259630|110.434955|6
54|110.259630|110.434955|8
47|110.454435|110.610279|6
54|110.454435|110.629760|10
42|110.649240|110.999889|6
42|110.649240|110.999889|6
42|111.038850|111.389499|6
42|111.428460|111.701187|6
49|110.649240|111.701187|10
42|111.818070|111.993395|6
42|111.818070|111.993395|6
49|111.818070|111.993395|10
42|112.012875|112.168719|6
49|112.012875|112.188199|7
49|112.207680|112.558329|6
49|112.207680|112.558329|6
49|112.597290|112.947939|6
49|112.986900|113.259627|6
56|112.207680|113.259627|10
49|113.376510|113.551834|6
49|113.376510|113.551834|6
56|113.376510|113.551834|10
49|113.571315|113.727159|6
56|113.571315|113.746640|10
45|113.766120|114.116769|6
45|113.766120|114.116769|6
45|114.155730|114.506379|6
45|114.545340|114.818067|6
52|113.766120|114.818067|10
45|114.934950|115.110275|7
45|114.934950|115.110275|6
52|114.934950|115.110275|10
45|115.129755|115.285599|6
52|115.129755|115.305080|7
52|115.324560|115.675209|7
52|115.324560|115.675209|7
52|115.714170|116.064819|7
52|116.103780|116.376507|6
59|115.324560|116.376507|10
52|116.493390|116.668715|8
52|116.493390|116.668715|8
59|116.493390|116.668715|10
52|116.688195|116.844039|8
59|116.688195|116.863520|10
47|116.883000|117.233649|6
47|116.883000|117.233649|6
47|117.272610|117.623259|6
47|117.662220|117.934947|6
54|116.883000|117.934947|8
47|118.051830|118.227154|6
47|118.051830|118.227154|6
54|118.051830|118.227154|8
47|118.246635|118.402479|6
54|118.246635|118.421959|10
45|118.441440|121.246632|6
45|118.441440|121.246632|6
52|118.441440|121.246632|8
47|121.558320|124.363512|7
47|121.558320|124.363512|6
54|121.558320|124.363512|10
44|127.792080|128.142729|6
51|128.181690|128.532339|7
56|127.792080|128.921949|10
56|128.571300|128.921949|8
59|128.960910|129.311559|6
63|129.350520|129.701169|8
66|129.740130|130.090779|9
68|130.129740|130.831038|10
56|130.519350|130.869999|8
51|130.908960|131.259609|6
51|130.908960|131.259609|10
46|131.298570|131.649219|7
51|131.688180|132.038829|10
54|132.077790|132.428439|6
58|132.467400|132.818049|7
63|132.857010|133.207659|10
58|133.246620|133.597269|9
51|133.636230|133.986879|7
54|133.636230|133.986879|9
40|134.025840|134.376489|6
47|134.415450|134.766099|7
52|134.025840|135.155709|9
52|134.805060|135.155709|6
56|135.194670|135.545319|8
59|135.584280|135.934929|6
64|135.973890|136.324539|10
59|136.363500|136.714149|9
52|136.753110|137.103759|7
56|136.753110|137.103759|9
44|137.142720|137.493369|6
51|137.532330|137.882979|7
56|137.142720|138.272589|10
56|137.921940|138.272589|8
59|138.311550|138.662199|6
63|138.701160|139.051809|7
68|139.090770|139.441419|10
63|139.480380|139.831029|9
59|139.869990|140.220639|7
44|140.259600|140.610249|6
51|140.649210|140.999859|7
56|140.259600|141.389469|10
56|141.038820|141.389469|8
59|141.428430|141.779079|6
63|141.818040|142.168689|8
66|142.207650|142.558299|9
68|142.597260|143.298558|10
54|142.986870|143.337519|8
51|143.376480|143.727129|6
51|143.376480|143.727129|10
46|143.766090|144.116739|7
51|144.155700|144.506349|10
54|144.545310|144.895959|6
58|144.934920|145.285569|7
63|145.324530|145.675179|10
58|145.714140|146.064789|9
51|146.103750|146.454399|7
54|146.103750|146.454399|9
40|146.493360|146.844009|6
47|146.882970|147.233619|7
52|146.493360|147.623229|9
52|147.272580|147.623229|6
56|147.662190|148.012839|8
59|148.051800|148.402449|6
64|148.441410|148.792059|10
59|148.831020|149.181669|9
52|149.220630|149.571279|7
56|149.220630|149.571279|9
44|149.610240|149.960889|6
51|149.999850|150.350499|7
56|149.610240|150.740109|10
56|150.389460|150.740109|8
59|150.779070|151.129719|6
63|151.168680|151.519329|7
68|151.558290|151.908939|10
63|151.947900|152.298549|8
59|152.337510|152.688159|6
49|152.727120|152.902445|9
44|152.921925|153.097250|6
49|153.116730|153.292055|8
51|153.311535|153.486860|9
52|152.727120|153.681665|10
52|153.506340|153.681665|9
51|153.701145|153.876470|8
49|153.895950|154.071275|7
52|154.090755|154.266079|9
44|155.844000|156.019325|6
44|155.844000|156.019325|6
51|156.038805|156.214130|7
56|156.233610|156.408935|8
58|156.428415|156.603740|9
59|156.623220|156.798544|6
63|156.818025|156.993349|7
68|157.012830|157.188154|10
63|157.207635|157.382959|8
59|157.402440|157.577765|6
56|157.597245|157.772570|8
51|157.792050|157.967375|6
56|157.986855|158.162180|7
58|158.181660|158.356985|8
59|158.376465|158.551790|10
58|158.571270|158.746595|9
56|158.766075|158.941400|8
40|158.960880|159.136204|6
47|159.155685|159.331009|7
52|158.960880|159.525814|9
52|159.350490|159.525814|6
56|159.545295|159.720619|8
59|159.740100|159.915425|6
64|159.934905|160.110230|10
59|160.129710|160.305035|9
56|160.324515|160.499840|8
42|160.519320|160.694645|6
49|160.714125|160.889450|7
54|160.519320|161.084255|9
54|160.908930|161.084255|6
58|161.103735|161.279060|8
61|161.298540|161.473864|9
66|161.493345|161.668669|10
61|161.688150|161.863474|9
58|161.882955|162.058279|7
44|162.077760|162.253084|6
51|162.272565|162.447890|7
56|162.077760|162.642695|10
56|162.467370|162.642695|8
58|162.662175|162.837500|9
59|162.856980|163.032305|6
63|163.051785|163.227110|7
68|163.246590|163.421915|10
63|163.441395|163.616720|8
59|163.636200|163.811524|6
56|163.831005|164.006329|8
51|164.025810|164.201134|6
56|164.220615|164.395939|7
58|164.415420|164.590744|8
59|164.610225|164.785550|10
58|164.805030|164.980355|9
56|164.999835|165.175160|8
49|165.194640|165.369965|7
44|165.389445|165.564770|6
49|165.584250|165.759575|8
51|165.779055|165.954380|9
52|165.194640|166.149184|6
52|165.973860|166.149184|6
54|166.168665|166.343989|7
56|166.363470|166.538794|8
61|166.558275|166.733599|10
44|168.311520|168.486844|6
44|168.311520|168.486844|6
51|168.506325|168.681649|7
56|168.701130|168.876454|9
58|168.895935|169.071259|10
40|171.428400|171.603724|6
47|171.623205|171.798530|7
52|171.428400|171.993335|9
52|171.818010|171.993335|6
56|172.012815|172.188140|8
59|172.207620|172.382945|6
64|172.402425|172.577750|10
59|172.597230|172.772555|9
56|172.792035|172.967360|8
42|172.986840|173.162165|6
49|173.181645|173.356969|7
54|172.986840|173.551774|9
54|173.376450|173.551774|8
56|173.571255|173.746579|9
58|173.766060|173.941384|6
61|173.960865|174.136190|7
66|174.155670|174.330995|10
61|174.350475|174.525800|9
44|174.545280|174.720605|6
51|174.740085|174.915410|7
56|174.545280|175.110215|10
56|174.934890|175.110215|8
58|175.129695|175.305020|9
59|175.324500|175.499825|6
63|175.519305|175.694629|7
68|175.714110|175.889434|10
63|175.908915|176.084239|9
59|176.103720|176.279044|7
56|176.298525|176.473850|6
59|176.493330|176.668655|9
56|176.688135|176.863460|8
51|176.882940|177.058265|7
47|177.077745|177.253070|6
49|177.272550|177.447875|7
51|177.467355|177.642680|8
47|177.662160|178.012809|6
47|177.662160|178.012809|6
47|178.051770|178.402419|6
47|178.441380|178.714107|6
54|177.662160|178.714107|8
47|178.830990|179.181639|6
47|178.830990|179.181639|6
54|178.830990|179.181639|10
44|179.220600|179.571249|6
44|179.220600|179.571249|6
44|179.610210|179.960859|6
44|179.999820|180.272547|6
51|179.220600|180.272547|10
44|180.389430|180.740079|7
44|180.389430|180.740079|6
51|180.389430|180.740079|10
40|180.779040|181.129689|6
40|181.168650|181.519299|6
47|180.779040|181.830987|7
52|180.779040|181.830987|10
40|181.558260|181.908909|7
40|181.947870|182.298519|6
47|181.947870|182.298519|7
52|181.947870|182.298519|10
42|182.337480|182.688129|7
42|182.727090|183.077739|6
49|182.337480|183.389427|7
54|182.337480|183.389427|10
42|183.116700|183.467349|6
42|183.506310|183.856959|6
49|183.506310|183.856959|7
54|183.506310|183.856959|10
47|183.895920|184.246569|7
47|183.895920|184.246569|7
47|184.285530|184.636179|7
47|184.675140|184.947867|6
54|183.895920|184.947867|8
47|185.064750|185.415399|6
47|185.064750|185.415399|6
54|185.064750|185.415399|10
44|185.454360|185.805009|6
44|185.454360|185.805009|6
44|185.843970|186.194619|6
44|186.233580|186.506307|6
51|185.454360|186.506307|10
44|186.623190|186.973839|7
44|186.623190|186.973839|6
51|186.623190|186.973839|10
40|187.012800|187.363449|6
40|187.402410|187.753059|6
47|187.012800|188.064747|7
52|187.012800|188.064747|10
40|187.792020|188.142669|7
40|188.181630|188.532279|6
47|188.181630|188.532279|7
52|188.181630|188.532279|10
42|188.571240|188.921889|7
42|188.960850|189.311499|6
49|188.571240|189.623187|7
54|188.571240|189.623187|10
42|189.350460|189.701109|6
42|189.740070|190.090719|6
49|189.740070|190.090719|7
54|189.740070|190.090719|10
44|190.129680|190.480329|6
44|190.519290|190.869939|6
51|190.129680|191.181627|7
56|190.129680|191.181627|10
44|190.908900|191.259549|6
44|191.298510|191.649159|6
51|191.298510|191.649159|7
56|191.298510|191.649159|10
40|191.688120|192.038769|6
40|192.077730|192.428379|6
47|191.688120|192.740067|7
52|191.688120|192.740067|10
40|192.467340|192.817989|7
40|192.856950|193.207599|6
47|192.856950|193.207599|7
52|192.856950|193.207599|10
47|193.246560|193.597209|7
47|193.246560|193.597209|7
47|193.636170|193.986819|7
47|194.025780|194.298507|6
51|193.246560|194.298507|8
47|194.415390|194.766039|6
47|194.415390|194.766039|6
51|194.415390|194.766039|8
51|194.805000|195.155649|10
51|194.805000|195.155649|10
51|195.194610|195.545259|10
46|194.805000|195.856947|7
51|195.584220|195.856947|10
51|195.973830|196.324479|10
51|195.973830|196.324479|10
46|195.973830|196.324479|7
52|196.363440|199.168632|10
40|196.363440|199.168632|6
47|196.363440|199.168632|8
54|199.480320|202.285512|10
42|199.480320|202.285512|6
49|199.480320|202.285512|8
51|202.597200|202.947849|9
51|202.597200|202.947849|6
51|202.986810|203.337459|6
51|203.376420|203.649147|6
58|202.597200|203.649147|10
51|203.766030|203.941355|7
51|203.766030|203.941355|6
58|203.766030|203.941355|10
51|203.960835|204.116679|6
58|203.960835|204.136159|10
47|204.155640|204.506289|6
47|204.155640|204.506289|6
47|204.545250|204.895899|6
47|204.934860|205.207587|6
54|204.155640|205.207587|8
47|205.324470|205.499795|6
47|205.324470|205.499795|6
54|205.324470|205.499795|8
47|205.519275|205.675119|6
54|205.519275|205.694600|8
49|205.714080|206.064729|6
49|205.714080|206.064729|6
49|206.103690|206.454339|6
49|206.493300|206.766027|6
54|205.714080|206.766027|9
49|206.882910|207.058234|6
49|206.882910|207.058234|6
54|206.882910|207.058234|10
49|207.077715|207.233559|7
54|207.077715|207.253039|10
46|207.272520|207.623169|6
46|207.272520|207.623169|6
46|207.662130|208.012779|6
46|208.051740|208.324467|6
53|207.272520|208.324467|10
46|208.441350|208.616675|7
46|208.441350|208.616675|6
53|208.441350|208.616675|10
46|208.636155|208.791999|6
53|208.636155|208.811480|8
51|208.830960|209.181609|7
51|208.830960|209.181609|6
51|209.220570|209.571219|6
51|209.610180|209.882907|6
58|208.830960|209.882907|10
51|209.999790|210.175115|7
51|209.999790|210.175115|6
58|209.999790|210.175115|10
51|210.194595|210.350439|6
58|210.194595|210.369920|10
47|210.389400|210.740049|6
47|210.389400|210.740049|6
47|210.779010|211.129659|6
47|211.168620|211.441347|6
54|210.389400|211.441347|8
47|211.558230|211.733554|6
47|211.558230|211.733554|6
54|211.558230|211.733554|8
47|211.753035|211.908879|6
54|211.753035|211.928359|10
42|211.947840|212.298489|6
42|211.947840|212.298489|6
42|212.337450|212.688099|6
42|212.727060|212.999787|7
47|211.947840|212.999787|10
42|213.116670|213.291995|7
42|213.116670|213.291995|7
47|213.116670|213.291995|10
42|213.311475|213.467319|7
47|213.311475|213.486800|8
49|213.506280|213.856929|9
49|213.506280|213.856929|9
49|213.895890|214.246539|9
44|213.506280|214.558227|6
49|214.285500|214.558227|10
44|214.675110|214.850435|6
49|214.675110|214.850435|9
49|214.675110|214.850435|9
49|214.869915|215.025759|9
44|214.869915|215.045240|6
44|215.064720|215.415369|6
44|215.064720|215.415369|6
44|215.454330|215.804979|6
44|215.843940|216.116667|6
51|215.064720|216.116667|10
44|216.233550|216.408874|7
44|216.233550|216.408874|6
51|216.233550|216.408874|10
44|216.428355|216.584199|6
51|216.428355|216.603679|7
52|216.623160|216.973809|8
52|216.623160|216.973809|8
52|217.012770|217.363419|8
47|216.623160|217.675107|7
52|217.402380|217.675107|10
47|217.791990|217.967315|7
52|217.791990|217.967315|9
52|217.791990|217.967315|8
52|217.986795|218.142639|8
47|217.986795|218.162120|7
47|218.181600|218.532249|7
47|218.181600|218.532249|7
47|218.571210|218.921859|7
47|218.960820|219.233547|6
54|218.181600|219.233547|8
47|219.350430|219.525755|6
47|219.350430|219.525755|6
54|219.350430|219.525755|8
47|219.545235|219.701079|6
54|219.545235|219.720560|10
42|219.740040|220.090689|6
42|219.740040|220.090689|6
42|220.129650|220.480299|6
42|220.519260|220.791987|6
49|219.740040|220.791987|10
42|220.908870|221.084194|6
42|220.908870|221.084194|6
49|220.908870|221.084194|10
42|221.103675|221.259519|6
49|221.103675|221.278999|8
40|221.298480|224.103672|6
40|221.298480|224.103672|6
47|221.298480|224.103672|8
42|224.415360|224.766009|6
42|224.415360|224.766009|8
42|224.804970|224.980295|8
42|224.999775|225.175100|8
42|225.194580|225.545229|8
42|225.584190|225.759514|8
42|225.778995|225.954319|8
42|225.973800|226.324449|8
42|226.363410|226.714059|8
42|226.753020|227.103669|8
42|227.142630|227.220552|6
49|224.415360|227.220552|10
44|227.532240|227.882889|6
44|227.532240|227.882889|6
44|227.921850|228.272499|6
44|228.311460|228.584187|6
51|227.532240|228.584187|10
44|228.701070|228.876395|7
44|228.701070|228.876395|6
51|228.701070|228.876395|10
44|228.895875|229.051719|6
51|228.895875|229.071200|10
40|229.090680|229.441329|6
40|229.090680|229.441329|8
40|229.480290|229.830939|8
40|229.869900|230.142627|8
47|229.090680|230.142627|10
40|230.259510|230.434834|8
40|230.259510|230.434834|8
47|230.259510|230.434834|10
40|230.454315|230.610159|8
47|230.454315|230.629639|10
42|230.649120|230.999769|7
42|231.038730|231.389379|7
47|230.649120|231.701067|9
54|230.649120|231.701067|10
42|231.428340|231.778989|6
47|231.817950|231.993275|8
54|231.817950|231.993275|10
42|231.817950|232.168599|6
47|232.012755|232.188080|8
54|232.012755|232.188080|10
51|232.207560|232.558209|6
51|232.207560|232.558209|6
51|232.597170|232.947819|6
51|232.986780|233.259507|6
58|232.207560|233.259507|10
51|233.376390|233.551715|7
51|233.376390|233.551715|6
58|233.376390|233.551715|10
51|233.571195|233.727039|6
58|233.571195|233.746520|10
44|233.766000|234.116649|6
44|233.766000|234.116649|6
44|234.155610|234.506259|6
44|234.545220|234.817947|6
51|233.766000|234.817947|10
44|234.934830|235.110154|7
44|234.934830|235.110154|6
51|234.934830|235.110154|10
44|235.129635|235.285479|6
51|235.129635|235.304959|10
40|235.324440|235.675089|6
40|235.324440|235.675089|8
40|235.714050|236.064699|8
40|236.103660|236.376387|8
47|235.324440|236.376387|10
40|236.493270|236.668595|8
40|236.493270|236.668595|8
47|236.493270|236.668595|10
40|236.688075|236.843919|6
47|236.688075|236.863400|7
47|236.882880|237.233529|7
47|236.882880|237.233529|7
47|237.272490|237.623139|7
47|237.662100|237.934827|6
54|236.882880|237.934827|8
47|238.051710|238.227035|6
47|238.051710|238.227035|6
54|238.051710|238.227035|8
47|238.246515|238.402359|6
54|238.246515|238.421840|10
42|238.441320|238.791969|6
42|238.441320|238.791969|6
42|238.830930|239.181579|6
42|239.220540|239.493267|6
49|238.441320|239.493267|10
42|239.610150|239.785474|6
42|239.610150|239.785474|6
49|239.610150|239.785474|10
42|239.804955|239.960799|6
49|239.804955|239.980279|7
49|239.999760|240.350409|6
49|239.999760|240.350409|6
49|240.389370|240.740019|6
49|240.778980|241.051707|6
56|239.999760|241.051707|10
49|241.168590|241.343915|6
49|241.168590|241.343915|6
56|241.168590|241.343915|10
49|241.363395|241.519239|6
56|241.363395|241.538720|10
45|241.558200|241.908849|6
45|241.558200|241.908849|6
45|241.947810|242.298459|6
45|242.337420|242.610147|6
52|241.558200|242.610147|10
45|242.727030|242.902355|7
45|242.727030|242.902355|6
52|242.727030|242.902355|10
45|242.921835|243.077679|6
52|242.921835|243.097160|7
52|243.116640|243.467289|7
52|243.116640|243.467289|7
52|243.506250|243.856899|7
52|243.895860|244.168587|6
59|243.116640|244.168587|10
52|244.285470|244.460794|8
52|244.285470|244.460794|8
59|244.285470|244.460794|10
52|244.480275|244.636119|8
59|244.480275|244.655599|10
47|244.675080|245.025729|6
47|244.675080|245.025729|6
47|245.064690|245.415339|6
47|245.454300|245.727027|6
54|244.675080|245.727027|8
47|245.843910|246.019235|6
47|245.843910|246.019235|6
54|245.843910|246.019235|8
47|246.038715|246.194559|6
54|246.038715|246.214040|10
45|246.233520|249.038712|6
45|246.233520|249.038712|6
52|246.233520|249.038712|8
47|249.350400|252.155592|7
47|249.350400|252.155592|6
54|249.350400|252.155592|7
