73
73
78
78
71
71
73
73
73
73
78
78
76
76
74
73
73
73
78
71
71
73
73
73
69
74
74
74
73
69
66
73
61
73
78
78
71
71
73
73
66
73
61
73
78
78
76
76
74
73
66
73
61
73
78
71
71
73
66
73
61
73
69
74
74
74
73
69
76
64
78
66
80
68
81
80
78
81
76
73
78
62
78
76
69
74
73
73
73
69
64
73
64
71
76
64
78
66
80
68
81
80
78
81
76
73
78
62
78
78
69
80
81
81
81
76
73
81
83
76
76
64
78
66
80
68
81
80
81
78
73
85
90
88
81
78
86
85
81
73
85
73
83
71
78
80
81
81
83
81
81
80
78
81
83
81
80
76
81
78
73
78
73
78
69
78
69
76
69
76
69
76
68
78
73
78
73
78
69
78
69
76
69
76
69
73
73
78
78
71
71
73
69
73
69
73
73
78
66
78
76
69
76
69
74
69
73
66
73
66
73
73
78
69
71
71
73
69
73
66
66
73
69
74
74
74
69
73
69
64
69
76
78
69
66
80
71
68
81
80
78
81
69
76
73
73
78
69
78
74
76
69
62
74
73
73
69
69
73
64
73
64
68
71
64
69
76
78
69
66
80
71
68
81
80
78
81
69
76
73
73
78
69
78
74
69
62
78
69
80
74
81
69
81
81
69
76
73
81
69
83
80
76
71
64
69
76
78
69
66
80
71
68
81
69
80
73
73
68
78
78
81
69
85
81
90
86
88
76
81
78
86
74
85
81
76
73
85
76
73
83
76
71
78
71
80
71
81
81
78
73
83
74
81
78
81
80
74
81
78
83
80
81
76
80
81
76
73
64
68
69
68
69
68
69
68
64
64
68
69
69
68
64
66
68
64
64
68
69
68
69
68
69
71
64
64
68
69
69
68
69
71
64
68
69
68
69
68
69
68
64
64
64
69
69
68
64
66
68
64
64
68
69
68
69
71
73
74
73
69
64
69
71
64
71
73
74
73
64
68
69
68
69
68
69
68
64
64
68
69
69
69
68
66
68
64
64
68
69
68
69
68
69
71
64
64
68
69
68
68
69
71
71
64
71
73
71
73
74
76
78
76
76
76
76
74
73
71
73
69
64
68
69
68
69
71
73
74
73
69
64
69
71
64
71
73
74
73
81
73
69
81
73
69
81
73
69
81
74
69
81
74
69
81
74
69
81
76
69
81
76
69
81
69
76
81
69
80
69
81
69
80
68
76
81
69
81
73
69
81
73
69
81
73
69
81
74
69
81
74
69
81
74
69
81
76
69
81
76
69
81
69
76
81
69
80
69
81
69
80
68
76
81
69
85
78
73
85
78
73
85
78
73
85
81
73
85
81
73
85
81
73
85
76
73
85
76
73
85
73
76
85
73
83
73
85
73
83
71
76
85
73
85
78
73
85
78
73
85
78
73
85
81
73
85
81
73
85
81
73
85
76
73
85
76
73
85
73
76
85
73
83
80
76
71
76
78
80
81
80
78
81
76
73
78
62
78
76
69
74
73
73
73
69
64
73
64
71
76
64
78
66
80
68
81
80
78
81
76
73
78
62
78
78
69
80
81
81
81
76
73
81
83
76
76
64
78
66
80
68
81
80
81
78
73
85
90
88
81
78
86
85
81
73
85
73
83
71
78
80
81
81
83
81
81
80
78
81
83
81
80
76
81
76
69
64
78
69
66
80
71
68
81
80
78
81
73
69
76
78
73
69
78
74
76
69
62
74
73
73
69
73
64
69
73
64
68
71
64
69
76
78
69
66
80
71
68
81
80
78
81
73
69
76
78
73
69
78
74
69
62
78
69
80
74
81
69
81
81
69
76
73
81
69
83
80
76
71
64
69
76
78
69
66
80
71
68
81
69
73
80
68
78
81
69
85
81
78
73
90
86
88
76
81
78
86
74
85
81
76
73
85
76
73
83
76
71
78
71
80
71
81
81
78
73
83
74
81
78
81
80
74
81
78
83
80
81
76
80
81
76
73
76
69
64
78
69
66
80
71
68
81
80
78
81
73
69
76
78
73
69
78
74
76
69
62
74
73
73
69
73
64
69
73
64
68
71
64
69
76
78
69
66
80
71
68
81
80
78
81
73
69
76
78
73
69
78
74
69
62
78
69
80
74
81
69
81
81
69
76
73
81
69
83
80
76
71
64
69
76
78
69
66
80
71
68
81
69
73
80
68
78
81
69
85
81
78
73
90
86
88
76
81
78
86
74
85
81
76
73
85
76
73
83
76
71
95
93
92
90
88
86
85
83
81
71
80
78
78
76
74
73
71
71
80
71
81
81
78
73
83
74
81
78
81
80
74
81
78
83
80
81
76
80
76
73
81
97
98
97
73
73
78
66
78
71
69
71
69
73
69
73
73
73
78
66
78
76
69
76
69
74
69
73
66
73
66
73
73
78
71
69
71
71
73
69
73
66
66
73
69
74
74
74
69
73
69
