57|3.419114|5.007348|0
53|3.474261|5.062495|0
48|3.529408|5.117642|0
59|5.183818|6.772052|0
53|5.238965|6.827199|0
50|5.294112|6.882346|0
58|6.948522|8.536756|0
53|7.003669|8.591903|0
49|7.058816|8.647050|0
57|8.713226|10.301460|0
53|8.768373|10.356607|0
48|8.823520|10.411754|0
55|10.477930|12.066164|0
50|10.533077|12.121311|0
46|10.588224|12.176458|0
45|12.242634|13.830868|0
48|12.297781|13.886015|0
53|12.352928|13.941162|0
43|14.007338|15.595572|0
46|14.062485|15.650719|0
50|14.117632|15.705866|0
36|15.882336|17.470570|0
41|17.647040|18.044098|0
48|18.088216|18.485274|0
57|18.529392|19.323509|0
47|19.411744|19.808802|0
53|19.852920|20.249978|0
62|20.294096|21.088213|0
46|21.176448|21.573506|0
53|21.617624|22.014682|0
62|22.058800|22.852917|0
46|22.941152|23.338210|0
53|23.382328|23.779386|0
61|23.823504|24.617621|0
45|24.705856|25.102914|0
52|25.147032|25.544090|0
60|25.588208|26.382325|0
50|26.470560|26.867618|0
57|26.911736|27.308794|0
62|27.352912|28.147029|0
43|28.235264|28.632322|0
50|28.676440|29.073498|0
58|29.117616|29.514674|0
50|29.558792|29.955850|0
48|29.999968|30.397026|0
55|30.441144|30.838202|0
58|30.882320|31.279378|0
60|31.323496|31.720554|0
41|31.764672|32.161730|0
48|32.205848|32.602906|0
57|32.647024|33.044082|0
58|33.088200|34.279375|0
55|34.411728|35.205845|0
41|35.294080|35.691138|0
48|35.735256|36.132314|0
57|36.176432|36.573490|0
58|36.617608|37.808783|0
55|37.941136|38.735253|0
53|38.823488|39.220546|0
60|39.264664|39.661722|0
65|39.705840|40.499957|0
52|40.588192|40.985250|0
60|41.029368|41.426426|0
64|41.470544|42.264661|0
50|42.352896|42.749954|0
57|42.794072|43.191130|0
65|43.235248|44.029365|0
48|44.117600|44.514658|0
57|44.558776|44.955834|0
64|44.999952|45.794069|0
46|45.882304|46.279362|0
53|46.323480|46.720538|0
62|46.764656|47.161714|0
58|47.205832|47.602890|0
45|47.647008|48.044066|0
53|48.088184|48.485242|0
60|48.529360|49.323477|0
43|49.411712|49.808770|0
50|49.852888|50.249946|0
58|50.294064|50.691122|0
55|50.735240|51.132298|0
48|51.176416|51.573474|0
55|51.617592|52.014650|0
64|52.058768|52.852885|0
50|52.941120|53.338178|0
57|53.382296|53.779354|0
65|53.823472|54.220530|0
62|54.264648|54.661706|0
45|54.705824|55.102882|0
53|55.147000|55.544058|0
60|55.588176|56.382293|0
46|56.470528|56.867586|0
53|56.911704|57.308762|0
62|57.352880|57.749938|0
58|57.794056|58.191114|0
45|58.235232|58.632290|0
53|58.676408|59.073466|0
57|59.117584|59.911701|0
43|59.999936|60.396994|0
53|60.441112|60.838170|0
55|60.882288|61.279346|0
58|61.323464|61.720522|0
62|61.764640|63.352874|0
48|63.529344|63.926402|0
55|63.970520|64.367578|0
60|64.411696|64.808754|0
62|64.852872|65.249930|0
60|65.735224|65.933753|0
62|65.955812|66.154341|0
53|67.058752|67.455810|0
60|67.499928|67.896986|0
65|67.941104|68.735221|0
52|68.823456|69.220514|0
60|69.264632|69.661690|0
64|69.705808|70.499925|0
50|70.588160|70.985218|0
57|71.029336|71.426394|0
65|71.470512|72.264629|0
48|72.352864|72.749922|0
57|72.794040|73.191098|0
64|73.235216|74.029333|0
46|74.117568|74.514626|0
53|74.558744|74.955802|0
62|74.999920|75.396978|0
58|75.441096|75.838154|0
45|75.882272|76.279330|0
53|76.323448|76.720506|0
60|76.764624|77.558741|0
43|77.646976|78.044034|0
50|78.088152|78.485210|0
58|78.529328|78.926386|0
55|78.970504|79.367562|0
48|79.411680|79.808738|0
55|79.852856|80.249914|0
64|80.294032|81.088149|0
50|81.176384|81.573442|0
57|81.617560|82.014618|0
65|82.058736|82.455794|0
62|82.499912|82.896970|0
45|82.941088|83.338146|0
53|83.382264|83.779322|0
60|83.823440|84.617557|0
46|84.705792|85.102850|0
53|85.146968|85.544026|0
62|85.588144|85.985202|0
58|86.029320|86.426378|0
45|86.470496|86.867554|0
53|86.911672|87.308730|0
60|87.352848|88.146965|0
43|88.235200|88.632258|0
50|88.676376|89.073434|0
58|89.117552|89.911669|0
48|89.999904|90.396962|0
55|90.441080|90.838138|0
58|90.882256|91.279314|0
64|91.323432|91.720490|0
41|91.764608|92.161666|0
48|92.205784|92.602842|0
53|92.646960|93.044018|0
55|93.088136|93.485194|0
57|93.529312|93.926370|0
60|93.970488|94.367546|0
65|94.411664|94.808722|0
67|94.852840|95.249898|0
46|95.294016|95.691074|0
53|95.735192|96.132250|0
58|96.176368|96.573426|0
53|96.617544|97.014602|0
48|97.058720|97.455778|0
55|97.499896|97.896954|0
60|97.941072|98.338130|0
55|98.382248|98.779306|0
41|98.823424|99.220482|0
48|99.264600|99.661658|0
57|99.705776|100.102834|0
53|100.146952|100.544010|0
47|100.588128|100.985186|0
53|101.029304|101.426362|0
62|101.470480|102.264597|0
46|102.352832|102.749890|0
53|102.794008|103.191066|0
62|103.235184|103.632242|0
53|103.676360|104.073418|0
45|104.117536|104.514594|0
53|104.558712|104.955770|0
60|104.999888|105.396946|0
53|105.441064|105.838122|0
43|105.882240|106.279298|0
50|106.323416|106.720474|0
58|106.764592|107.161650|0
50|107.205768|107.602826|0
45|107.646944|108.044002|0
53|108.088120|108.485178|0
60|108.529296|108.926354|0
53|108.970472|109.367530|0
46|109.411648|109.808706|0
55|109.852824|110.249882|0
62|110.294000|110.691058|0
55|110.735176|111.132234|0
48|111.176352|111.573410|0
55|111.617528|112.014586|0
60|112.058704|112.455762|0
55|112.499880|112.896938|0
41|112.941056|113.338114|0
48|113.382232|113.779290|0
57|113.823408|114.220466|0
53|114.264584|114.661642|0
47|114.705760|115.102818|0
53|115.146936|115.543994|0
62|115.588112|116.382229|0
46|116.470464|116.867522|0
53|116.911640|117.308698|0
58|117.352816|117.749874|0
61|117.793992|118.191050|0
65|118.235168|119.823402|0
45|119.999872|120.396930|0
52|120.441048|120.838106|0
57|120.882224|121.279282|0
52|121.323400|121.720458|0
38|121.764576|122.161634|0
45|122.205752|122.602810|0
50|122.646928|123.043986|0
53|123.088104|123.485162|0
43|123.529280|123.926338|0
50|123.970456|124.367514|0
58|124.411632|124.808690|0
50|124.852808|125.249866|0
36|125.293984|125.691042|0
43|125.735160|126.132218|0
48|126.176336|126.573394|0
52|126.617512|127.014570|0
41|127.058688|127.455746|0
48|127.499864|127.896922|0
55|127.941040|128.338098|0
57|128.382216|128.779274|0
48|129.264568|129.661626|0
55|129.705744|130.102802|0
57|130.146920|130.543978|0
47|130.588096|130.985154|0
50|131.029272|131.426330|0
55|131.470448|131.867506|0
59|131.911624|132.308682|0
50|132.793976|133.191034|0
55|133.235152|133.632210|0
59|133.676328|134.073386|0
46|134.117504|134.514562|0
49|134.558680|134.955738|0
55|134.999856|135.396914|0
58|135.441032|135.838090|0
49|136.323384|136.720442|0
55|136.764560|137.161618|0
58|137.205736|137.602794|0
41|137.646912|138.043970|0
48|138.088088|138.485146|0
53|138.529264|138.926322|0
57|138.970440|139.367498|0
48|139.852792|140.249850|0
53|140.293968|140.691026|0
57|140.735144|141.132202|0
50|141.176320|141.573378|0
57|141.617496|142.014554|0
62|142.058672|142.455730|0
57|142.499848|142.896906|0
65|142.941024|143.338082|0
57|143.382200|143.779258|0
62|143.823376|144.220434|0
57|144.264552|144.661610|0
47|144.705728|145.102786|0
50|145.146904|145.543962|0
55|145.588080|145.985138|0
50|146.029256|146.426314|0
59|146.470432|146.867490|0
50|146.911608|147.308666|0
55|147.352784|147.749842|0
50|147.793960|148.191018|0
46|148.235136|148.632194|0
49|148.676312|149.073370|0
55|149.117488|149.514546|0
49|149.558664|149.955722|0
58|149.999840|150.396898|0
49|150.441016|150.838074|0
55|150.882192|151.279250|0
49|151.323368|151.720426|0
41|151.764544|152.161602|0
48|152.205720|152.602778|0
53|152.646896|153.043954|0
55|153.088072|153.485130|0