52
59
64
71
59
59
64
71
59
52
59
71
64
59
59
71
64
59
52
59
71
64
59
59
71
64
59
52
59
71
64
59
59
71
64
59
52
59
64
71
59
59
64
71
51
49
56
68
73
56
56
68
73
47
45
52
73
69
52
52
73
69
45
73
71
73
75
49
56
68
73
56
56
68
73
47
45
52
73
69
52
52
73
69
52
45
52
73
69
52
52
73
69
45
76
66
75
66
73
71
73
75
69
71
76
76
88
76
87
76
85
76
76
73
73
85
73
83
73
81
73
76
76
88
76
87
76
85
76
76
73
73
85
73
83
73
81
73
71
83
78
76
71
83
78
76
68
85
80
68
85
80
69
76
85
71
83
78
85
87
88
90
61
68
85
80
68
61
68
80
85
68
66
69
85
81
69
66
69
85
81
69
66
69
81
85
69
66
69
81
85
69
66
69
85
81
69
66
69
83
87
69
66
69
81
85
69
66
69
87
83
69
71
83
78
71
83
78
64
80
66
81
68
83
69
85
68
83
66
81
64
80
63
78
64
76
66
78
64
76
63
75
61
73
59
71
71
59
64
76
59
71
73
61
78
66
76
64
75
63
76
88
75
87
76
88
75
87
73
85
71
83
69
81
68
80
66
78
73
85
71
83
73
85
71
83
66
78
69
81
83
71
68
80
76
88
75
87
76
88
75
87
73
85
71
83
69
81
68
80
66
78
80
68
76
64
78
66
75
63
73
71
73
75
69
71
76
76
88
76
87
76
85
76
76
73
73
85
73
83
73
81
73
76
76
88
76
87
76
85
76
76
73
73
85
73
83
73
81
73
71
83
78
76
71
83
78
76
68
85
80
68
85
80
69
76
85
71
83
78
85
87
88
90
61
68
85
80
68
61
68
80
85
68
66
69
85
81
69
66
69
85
81
69
66
69
81
85
69
66
69
81
85
69
66
69
81
85
69
66
69
87
83
69
66
69
81
85
69
66
69
87
83
69
71
83
78
71
83
78
69
81
85
71
87
83
