75
75
77
78
75
77
78
77
75
77
70
70
78
77
75
75
75
77
75
83
82
80
82
80
78
80
82
83
82
80
88
87
85
87
85
83
85
83
82
82
83
80
76
83
88
85
73
78
85
90
85
78
63
75
63
75
65
77
66
78
63
75
65
77
66
78
65
77
63
75
65
77
58
70
58
70
66
78
65
77
63
75
63
75
63
75
65
77
63
75
71
83
70
82
68
80
70
82
68
80
66
78
68
80
70
82
71
83
70
82
68
80
76
88
75
87
73
85
75
87
73
85
71
83
73
85
71
83
70
82
70
82
71
83
68
80
71
83
76
88
85
85
78
85
90
85
78
63
75
63
75
65
77
66
78
63
75
65
77
66
78
65
77
63
75
65
77
58
70
58
70
66
78
65
77
63
75
63
75
63
75
65
77
63
75
71
83
70
82
68
80
70
82
68
80
66
78
68
80
70
82
71
83
70
82
68
80
76
88
75
87
73
85
75
87
73
85
71
83
73
85
71
83
70
82
70
82
71
83
68
80
71
83
76
88
85
85
78
85
90
85
78
63
63
63
65
63
66
63
65
63
66
65
58
54
49
63
65
58
58
58
66
53
49
65
63
63
63
65
58
54
51
63
71
70
59
54
51
68
70
68
58
54
49
66
68
61
63
65
66
68
70
56
53
49
71
71
70
63
59
56
68
76
75
64
59
56
73
75
76
66
63
59
75
73
71
66
61
58
70
70
71
64
59
56
68
67
70
68
70
68
66
65
66
65
54
58
63
63
61
68
68
68
70
68
71
75
71
71
68
68
70
68
76
71
71
70
75
66
68
70
70
63
71
75
70
66
68
68
70
75
71
68
76
76
75
68
71
73
75
75
73
71
71
66
73
73
66
66
68
70
70
71
73
75
76
76
76
75
73
73
80
81
81
80
76
73
78
80
80
81
80
76
71
78
78
76
75
75
71
75
76
76
73
73
81
69
80
80
81
78
78
75
71
68
70
71
78
78
80
80
78
78
76
75
75
76
73
71
70
70
71
68
71
70
68
70
68
68
70
70
71
71
78
78
75
80
80
80
78
78
78
76
80
75
82
75
76
80
73
71
83
70
70
71
68
71
70
75
68
70
56
76
61
61
75
64
68
73
73
68
71
64
73
75
71
76
78
80
82
85
83
82
80
64
76
68
73
75
68
64
73
61
63
71
64
73
75
59
63
68
70
71
71
75
80
75
71
68
71
68
76
78
80
83
82
83
82
80
82
59
59
61
63
59
61
63
61
59
61
54
63
61
59
61
59
68
66
64
66
64
63
61
63
64
56
58
56
64
63
61
63
61
59
58
59
58
59
58
56
56
59
58
56
58
59
61
63
61
59
61
63
64
64
63
61
63
64
64
63
61
63
64
66
68
66
64
68
66
64
66
64
61
66
64
63
64
66
68
70
68
66
70
68
66
68
70
68
68
70
71
70
73
71
58
75
77
78
75
77
78
75
77
78
77
75
77
70
78
77
75
77
75
83
82
80
82
80
78
80
73
75
77
78
80
82
83
83
82
80
88
87
85
87
85
83
85
83
82
82
83
80
82
83
87
87
85
83
82
85
83
82
80
83
82
80
78
82
80
78
75
80
78
76
75
78
76
75
73
75
73
71
70
73
71
70
68
68
68
70
68
71
68
70
68
71
70
68
70
63
71
70
68
70
68
76
75
73
75
73
71
73
66
68
70
71
73
75
76
76
75
73
81
80
78
80
81
80
78
76
75
75
76
73
75
