63
70
75
59
66
71
61
68
73
58
65
70
63
70
75
59
66
71
66
73
78
61
68
73
68
75
83
64
71
76
71
78
87
66
73
82
64
71
76
66
73
78
51
51
58
63
47
47
54
59
49
49
56
61
46
46
53
58
51
51
58
63
47
47
54
59
54
61
42
66
49
49
56
61
56
63
44
71
52
52
59
64
59
66
47
75
54
61
42
70
52
59
44
64
49
42
54
49
42
49
42
61
49
42
49
42
49
42
49
42
49
42
49
42
49
42
66
49
42
51
51
58
63
47
47
54
59
49
49
56
61
46
46
53
58
51
51
58
63
47
47
54
59
54
61
42
66
49
49
56
61
56
63
44
71
52
52
59
64
59
66
47
75
54
61
42
70
52
59
44
64
54
61
49
66
51
51
51
51
58
51
51
58
51
58
47
47
47
47
54
47
47
54
47
54
49
49
49
49
54
49
49
54
49
54
46
46
46
46
53
46
46
53
46
53
51
51
51
51
58
51
51
58
51
58
47
47
47
47
54
47
47
54
47
54
42
42
42
42
47
42
42
47
42
47
49
49
49
44
49
44
49
49
49
44
44
44
44
44
51
44
44
51
44
51
52
52
52
47
52
47
52
52
52
47
47
47
47
47
54
47
47
54
47
54
42
42
42
42
49
42
42
49
42
49
40
47
40
47
40
47
40
47
44
40
47
46
51
46
51
46
51
46
51
46
51
46
51
46
51
46
51
46
51
46
51
46
51
44
44
44
44
51
44
44
51
44
51
40
40
40
40
47
40
40
47
40
47
42
42
47
54
42
47
54
42
47
54
51
51
51
51
58
51
51
58
51
58
44
44
44
44
51
44
44
51
44
51
40
40
40
40
47
40
40
47
40
47
47
47
47
47
54
47
47
54
47
54
42
42
42
42
49
42
42
49
42
49
49
49
49
49
56
49
49
56
49
56
45
45
45
45
52
45
45
52
45
52
52
52
52
52
59
52
52
59
52
59
47
47
47
47
54
47
47
54
47
54
45
45
52
47
47
54
44
51
56
56
59
63
66
68
56
51
51
46
51
54
58
63
58
51
54
40
47
52
52
56
59
64
59
52
56
44
51
56
56
59
63
68
63
59
44
51
56
56
59
63
66
68
54
51
51
46
51
54
58
63
58
51
54
40
47
52
52
56
59
64
59
52
56
44
51
56
56
59
63
68
63
59
49
44
49
51
52
52
51
49
52
44
44
51
56
58
59
63
68
63
59
56
51
56
58
59
58
56
40
47
52
52
56
59
64
59
56
42
49
54
54
58
61
66
61
58
44
51
56
56
58
59
63
68
63
59
56
51
56
58
59
58
56
49
44
49
51
52
52
54
56
61
44
44
51
56
58
40
47
52
52
56
59
64
59
56
42
49
54
54
56
58
61
66
61
44
51
56
56
58
59
63
68
63
59
56
59
56
51
47
49
51
47
47
47
47
54
47
47
54
44
44
44
44
51
44
44
51
40
40
47
52
40
40
47
52
42
42
49
54
42
42
49
54
47
47
47
47
54
47
47
54
44
44
44
44
51
44
44
51
40
40
47
52
40
40
47
52
42
42
49
54
42
42
49
54
44
44
51
56
44
44
51
56
40
40
47
52
40
40
47
52
47
47
47
47
51
47
47
51
51
51
51
46
51
51
51
46
52
40
47
54
42
49
51
51
51
51
58
51
51
58
51
58
47
47
47
47
54
47
47
54
47
54
49
49
49
49
54
49
49
54
49
54
46
46
46
46
53
46
46
53
46
53
51
51
51
51
58
51
51
58
51
58
47
47
47
47
54
47
47
54
47
54
42
42
42
42
47
42
42
47
42
47
49
49
49
44
49
44
49
49
49
44
44
44
44
44
51
44
44
51
44
51
52
52
52
47
52
47
52
52
52
47
47
47
47
47
54
47
47
54
47
54
42
42
42
42
49
42
42
49
42
49
40
40
47
42
42
42
42
42
42
42
42
42
42
42
49
44
44
44
44
51
44
44
51
44
51
40
40
40
40
47
40
40
47
40
47
42
42
47
54
42
47
54
42
47
54
51
51
51
51
58
51
51
58
51
58
44
44
44
44
51
44
44
51
44
51
40
40
40
40
47
40
40
47
40
47
47
47
47
47
54
47
47
54
47
54
42
42
42
42
49
42
42
49
42
49
49
49
49
49
56
49
49
56
49
56
45
45
45
45
52
45
45
52
45
52
52
52
52
52
59
52
52
59
52
59
47
47
47
47
54
47
47
54
47
54
45
45
52
47
47
54
